 7.18 0.000e+00 0.000e+00 0.000e+00 0.000e+00 0.000e+00 0.000e+00 0.000e+00 0.000e+00 0.000e+00 0.000e+00 0.000e+00 0.000e+00 0.000e+00 0.000e+00 0.000e+00 0.000e+00 0.000e+00 0.000e+00 0.000e+00 0.000e+00 0.000e+00 0.000e+00 0.000e+00 0.000e+00 
 7.20 0.000e+00 0.000e+00 0.000e+00 0.000e+00 0.000e+00 0.000e+00 0.000e+00 0.000e+00 0.000e+00 0.000e+00 0.000e+00 0.000e+00 0.000e+00 0.000e+00 0.000e+00 0.000e+00 0.000e+00 0.000e+00 0.000e+00 0.000e+00 0.000e+00 0.000e+00 0.000e+00 0.000e+00 
 7.22 0.000e+00 0.000e+00 0.000e+00 0.000e+00 0.000e+00 0.000e+00 0.000e+00 0.000e+00 0.000e+00 0.000e+00 0.000e+00 0.000e+00 0.000e+00 0.000e+00 0.000e+00 0.000e+00 0.000e+00 0.000e+00 0.000e+00 0.000e+00 0.000e+00 0.000e+00 0.000e+00 0.000e+00 
 7.24 0.000e+00 0.000e+00 0.000e+00 0.000e+00 0.000e+00 0.000e+00 0.000e+00 0.000e+00 0.000e+00 0.000e+00 0.000e+00 0.000e+00 0.000e+00 0.000e+00 0.000e+00 0.000e+00 0.000e+00 0.000e+00 0.000e+00 0.000e+00 0.000e+00 0.000e+00 0.000e+00 0.000e+00 
 7.26 0.000e+00 0.000e+00 0.000e+00 0.000e+00 0.000e+00 0.000e+00 0.000e+00 0.000e+00 0.000e+00 0.000e+00 0.000e+00 0.000e+00 0.000e+00 0.000e+00 0.000e+00 0.000e+00 0.000e+00 0.000e+00 0.000e+00 0.000e+00 0.000e+00 0.000e+00 0.000e+00 0.000e+00 
 7.28 0.000e+00 0.000e+00 0.000e+00 0.000e+00 0.000e+00 0.000e+00 0.000e+00 0.000e+00 0.000e+00 0.000e+00 0.000e+00 0.000e+00 0.000e+00 0.000e+00 0.000e+00 0.000e+00 0.000e+00 0.000e+00 0.000e+00 0.000e+00 0.000e+00 0.000e+00 0.000e+00 0.000e+00 
 7.30 0.000e+00 0.000e+00 0.000e+00 0.000e+00 0.000e+00 0.000e+00 0.000e+00 0.000e+00 0.000e+00 0.000e+00 0.000e+00 0.000e+00 0.000e+00 0.000e+00 0.000e+00 0.000e+00 0.000e+00 0.000e+00 0.000e+00 0.000e+00 0.000e+00 0.000e+00 0.000e+00 0.000e+00 
 7.32 0.000e+00 0.000e+00 0.000e+00 0.000e+00 0.000e+00 0.000e+00 0.000e+00 0.000e+00 0.000e+00 0.000e+00 0.000e+00 0.000e+00 0.000e+00 0.000e+00 0.000e+00 0.000e+00 0.000e+00 0.000e+00 0.000e+00 0.000e+00 0.000e+00 0.000e+00 0.000e+00 0.000e+00 
 7.34 0.000e+00 0.000e+00 0.000e+00 0.000e+00 0.000e+00 0.000e+00 0.000e+00 0.000e+00 0.000e+00 0.000e+00 0.000e+00 0.000e+00 0.000e+00 0.000e+00 0.000e+00 0.000e+00 0.000e+00 0.000e+00 0.000e+00 0.000e+00 0.000e+00 0.000e+00 0.000e+00 0.000e+00 
 7.36 0.000e+00 0.000e+00 0.000e+00 0.000e+00 0.000e+00 0.000e+00 0.000e+00 0.000e+00 0.000e+00 0.000e+00 0.000e+00 0.000e+00 0.000e+00 0.000e+00 0.000e+00 0.000e+00 0.000e+00 0.000e+00 0.000e+00 0.000e+00 0.000e+00 0.000e+00 0.000e+00 0.000e+00 
 7.38 0.000e+00 0.000e+00 0.000e+00 0.000e+00 0.000e+00 0.000e+00 0.000e+00 0.000e+00 0.000e+00 0.000e+00 0.000e+00 0.000e+00 0.000e+00 0.000e+00 0.000e+00 0.000e+00 0.000e+00 0.000e+00 0.000e+00 0.000e+00 0.000e+00 0.000e+00 0.000e+00 0.000e+00 
 7.40 0.000e+00 0.000e+00 0.000e+00 0.000e+00 0.000e+00 0.000e+00 0.000e+00 0.000e+00 0.000e+00 0.000e+00 0.000e+00 0.000e+00 0.000e+00 0.000e+00 0.000e+00 0.000e+00 0.000e+00 0.000e+00 0.000e+00 0.000e+00 0.000e+00 0.000e+00 0.000e+00 0.000e+00 
 7.42 0.000e+00 0.000e+00 0.000e+00 0.000e+00 0.000e+00 0.000e+00 0.000e+00 0.000e+00 0.000e+00 0.000e+00 0.000e+00 0.000e+00 0.000e+00 0.000e+00 0.000e+00 0.000e+00 0.000e+00 0.000e+00 0.000e+00 0.000e+00 0.000e+00 0.000e+00 0.000e+00 0.000e+00 
 7.44 0.000e+00 0.000e+00 0.000e+00 0.000e+00 0.000e+00 0.000e+00 0.000e+00 0.000e+00 0.000e+00 0.000e+00 0.000e+00 0.000e+00 0.000e+00 0.000e+00 0.000e+00 0.000e+00 0.000e+00 0.000e+00 0.000e+00 0.000e+00 0.000e+00 0.000e+00 0.000e+00 0.000e+00 
 7.46 0.000e+00 0.000e+00 0.000e+00 0.000e+00 0.000e+00 0.000e+00 0.000e+00 0.000e+00 0.000e+00 0.000e+00 0.000e+00 0.000e+00 0.000e+00 0.000e+00 0.000e+00 0.000e+00 0.000e+00 0.000e+00 0.000e+00 0.000e+00 0.000e+00 0.000e+00 0.000e+00 0.000e+00 
 7.48 0.000e+00 0.000e+00 0.000e+00 0.000e+00 0.000e+00 0.000e+00 0.000e+00 0.000e+00 0.000e+00 0.000e+00 0.000e+00 0.000e+00 0.000e+00 0.000e+00 0.000e+00 0.000e+00 0.000e+00 0.000e+00 0.000e+00 0.000e+00 0.000e+00 0.000e+00 0.000e+00 0.000e+00 
 7.50 0.000e+00 0.000e+00 0.000e+00 0.000e+00 0.000e+00 0.000e+00 0.000e+00 0.000e+00 0.000e+00 0.000e+00 0.000e+00 0.000e+00 0.000e+00 0.000e+00 0.000e+00 0.000e+00 0.000e+00 0.000e+00 0.000e+00 0.000e+00 0.000e+00 0.000e+00 0.000e+00 0.000e+00 
 7.52 0.000e+00 0.000e+00 0.000e+00 0.000e+00 0.000e+00 0.000e+00 0.000e+00 0.000e+00 0.000e+00 0.000e+00 0.000e+00 0.000e+00 0.000e+00 0.000e+00 0.000e+00 0.000e+00 0.000e+00 0.000e+00 0.000e+00 0.000e+00 0.000e+00 0.000e+00 0.000e+00 0.000e+00 
 7.54 0.000e+00 0.000e+00 0.000e+00 0.000e+00 0.000e+00 0.000e+00 0.000e+00 0.000e+00 0.000e+00 0.000e+00 0.000e+00 0.000e+00 0.000e+00 0.000e+00 0.000e+00 0.000e+00 0.000e+00 0.000e+00 0.000e+00 0.000e+00 0.000e+00 0.000e+00 0.000e+00 0.000e+00 
 7.56 0.000e+00 0.000e+00 0.000e+00 0.000e+00 0.000e+00 0.000e+00 0.000e+00 0.000e+00 0.000e+00 0.000e+00 0.000e+00 0.000e+00 0.000e+00 0.000e+00 0.000e+00 0.000e+00 0.000e+00 6.008e-04 6.008e-04 6.008e-04 6.008e-04 6.008e-04 6.008e-04 6.008e-04 
 7.58 0.000e+00 0.000e+00 0.000e+00 0.000e+00 0.000e+00 0.000e+00 0.000e+00 0.000e+00 0.000e+00 0.000e+00 0.000e+00 0.000e+00 0.000e+00 0.000e+00 0.000e+00 0.000e+00 0.000e+00 6.109e-04 6.109e-04 6.109e-04 6.109e-04 6.109e-04 6.109e-04 6.109e-04 
 7.60 0.000e+00 0.000e+00 0.000e+00 0.000e+00 0.000e+00 0.000e+00 0.000e+00 0.000e+00 0.000e+00 0.000e+00 0.000e+00 0.000e+00 0.000e+00 0.000e+00 0.000e+00 0.000e+00 6.189e-04 6.193e-04 6.193e-04 6.193e-04 6.193e-04 6.193e-04 6.193e-04 6.193e-04 
 7.62 0.000e+00 0.000e+00 0.000e+00 0.000e+00 0.000e+00 0.000e+00 0.000e+00 0.000e+00 0.000e+00 0.000e+00 0.000e+00 0.000e+00 0.000e+00 0.000e+00 0.000e+00 5.578e-04 6.241e-04 6.245e-04 6.245e-04 6.245e-04 6.245e-04 6.245e-04 6.245e-04 6.245e-04 
 7.64 0.000e+00 0.000e+00 0.000e+00 0.000e+00 0.000e+00 0.000e+00 0.000e+00 0.000e+00 0.000e+00 0.000e+00 0.000e+00 0.000e+00 0.000e+00 0.000e+00 0.000e+00 5.638e-04 6.246e-04 6.249e-04 6.249e-04 6.249e-04 6.249e-04 6.249e-04 6.249e-04 6.249e-04 
 7.66 0.000e+00 0.000e+00 0.000e+00 0.000e+00 0.000e+00 0.000e+00 0.000e+00 0.000e+00 0.000e+00 0.000e+00 0.000e+00 0.000e+00 0.000e+00 0.000e+00 0.000e+00 5.695e-04 6.189e-04 6.192e-04 6.192e-04 6.192e-04 6.192e-04 6.192e-04 6.192e-04 6.192e-04 
 7.68 0.000e+00 0.000e+00 0.000e+00 0.000e+00 0.000e+00 0.000e+00 0.000e+00 0.000e+00 0.000e+00 0.000e+00 0.000e+00 0.000e+00 0.000e+00 0.000e+00 0.000e+00 5.749e-04 6.056e-04 6.058e-04 6.058e-04 6.058e-04 6.058e-04 6.058e-04 6.058e-04 6.058e-04 
 7.70 0.000e+00 0.000e+00 0.000e+00 0.000e+00 0.000e+00 0.000e+00 0.000e+00 0.000e+00 0.000e+00 0.000e+00 0.000e+00 0.000e+00 0.000e+00 0.000e+00 0.000e+00 5.797e-04 5.832e-04 5.832e-04 5.832e-04 5.832e-04 5.832e-04 5.832e-04 5.832e-04 5.832e-04 
 7.72 0.000e+00 0.000e+00 0.000e+00 0.000e+00 0.000e+00 0.000e+00 0.000e+00 0.000e+00 0.000e+00 0.000e+00 0.000e+00 0.000e+00 0.000e+00 0.000e+00 0.000e+00 5.840e-04 5.504e-04 5.502e-04 5.502e-04 5.502e-04 5.502e-04 5.502e-04 5.502e-04 5.502e-04 
 7.74 0.000e+00 0.000e+00 0.000e+00 0.000e+00 0.000e+00 0.000e+00 0.000e+00 0.000e+00 0.000e+00 0.000e+00 0.000e+00 0.000e+00 0.000e+00 0.000e+00 0.000e+00 5.875e-04 5.104e-04 5.100e-04 5.100e-04 5.100e-04 5.100e-04 5.100e-04 5.100e-04 5.100e-04 
 7.76 0.000e+00 0.000e+00 0.000e+00 0.000e+00 0.000e+00 0.000e+00 0.000e+00 0.000e+00 0.000e+00 0.000e+00 0.000e+00 0.000e+00 0.000e+00 0.000e+00 0.000e+00 5.903e-04 4.715e-04 4.709e-04 4.709e-04 4.709e-04 4.709e-04 4.709e-04 4.709e-04 4.709e-04 
 7.78 0.000e+00 0.000e+00 0.000e+00 0.000e+00 0.000e+00 0.000e+00 0.000e+00 0.000e+00 0.000e+00 0.000e+00 0.000e+00 0.000e+00 0.000e+00 0.000e+00 0.000e+00 5.920e-04 4.417e-04 4.409e-04 4.409e-04 4.409e-04 4.409e-04 4.409e-04 4.409e-04 4.409e-04 
 7.80 0.000e+00 0.000e+00 0.000e+00 0.000e+00 0.000e+00 0.000e+00 0.000e+00 0.000e+00 0.000e+00 0.000e+00 0.000e+00 0.000e+00 0.000e+00 0.000e+00 0.000e+00 5.924e-04 4.290e-04 4.281e-04 4.281e-04 4.281e-04 4.281e-04 4.281e-04 4.281e-04 4.281e-04 
 7.82 0.000e+00 0.000e+00 0.000e+00 0.000e+00 0.000e+00 0.000e+00 0.000e+00 0.000e+00 0.000e+00 0.000e+00 0.000e+00 0.000e+00 0.000e+00 0.000e+00 0.000e+00 5.909e-04 4.410e-04 4.402e-04 4.402e-04 4.402e-04 4.402e-04 4.402e-04 4.402e-04 4.402e-04 
 7.84 0.000e+00 0.000e+00 0.000e+00 0.000e+00 0.000e+00 0.000e+00 0.000e+00 0.000e+00 0.000e+00 0.000e+00 0.000e+00 0.000e+00 0.000e+00 0.000e+00 0.000e+00 5.872e-04 4.838e-04 4.832e-04 4.832e-04 4.832e-04 4.832e-04 4.832e-04 4.832e-04 4.832e-04 
 7.86 9.983e-04 9.983e-04 9.983e-04 9.983e-04 9.360e-04 8.114e-04 6.867e-04 5.621e-04 4.375e-04 3.129e-04 1.882e-04 6.360e-05 0.000e+00 0.000e+00 0.000e+00 5.811e-04 5.605e-04 5.604e-04 5.604e-04 5.604e-04 5.604e-04 5.604e-04 5.604e-04 5.604e-04 
 7.88 1.206e-03 1.206e-03 1.206e-03 1.206e-03 1.131e-03 9.802e-04 8.296e-04 6.791e-04 5.285e-04 3.779e-04 2.274e-04 7.683e-05 0.000e+00 0.000e+00 0.000e+00 5.725e-04 6.753e-04 6.758e-04 6.758e-04 6.758e-04 6.758e-04 6.758e-04 6.758e-04 6.758e-04 
 7.90 1.393e-03 1.393e-03 1.393e-03 1.393e-03 1.306e-03 1.132e-03 9.582e-04 7.843e-04 6.104e-04 4.365e-04 2.626e-04 8.874e-05 0.000e+00 0.000e+00 0.000e+00 5.617e-04 8.680e-04 8.696e-04 8.696e-04 8.696e-04 8.696e-04 8.696e-04 8.696e-04 8.696e-04 
 7.92 1.554e-03 1.554e-03 1.554e-03 1.554e-03 1.457e-03 1.263e-03 1.069e-03 8.750e-04 6.810e-04 4.870e-04 2.930e-04 9.900e-05 0.000e+00 0.000e+00 0.000e+00 5.491e-04 1.196e-03 1.199e-03 1.199e-03 1.199e-03 1.199e-03 1.199e-03 1.199e-03 1.199e-03 
 7.94 1.681e-03 1.681e-03 1.681e-03 1.681e-03 1.576e-03 1.366e-03 1.156e-03 9.465e-04 7.367e-04 5.268e-04 3.169e-04 1.071e-04 0.000e+00 0.000e+00 0.000e+00 5.358e-04 1.708e-03 1.714e-03 1.714e-03 1.714e-03 1.714e-03 1.714e-03 1.714e-03 1.714e-03 
 7.96 1.767e-03 1.767e-03 1.767e-03 1.767e-03 1.657e-03 1.436e-03 1.216e-03 9.949e-04 7.743e-04 5.537e-04 3.332e-04 1.126e-04 0.000e+00 0.000e+00 0.000e+00 5.226e-04 2.449e-03 2.459e-03 2.459e-03 2.459e-03 2.459e-03 2.459e-03 2.459e-03 2.459e-03 
 7.98 1.804e-03 1.804e-03 1.804e-03 1.804e-03 1.691e-03 1.466e-03 1.241e-03 1.016e-03 7.906e-04 5.653e-04 3.401e-04 1.149e-04 0.000e+00 0.000e+00 0.000e+00 5.101e-04 3.459e-03 3.475e-03 3.475e-03 3.475e-03 3.475e-03 3.475e-03 3.475e-03 3.475e-03 
 8.00 1.788e-03 1.788e-03 1.788e-03 1.788e-03 1.676e-03 1.453e-03 1.230e-03 1.007e-03 7.835e-04 5.603e-04 3.371e-04 1.139e-04 0.000e+00 0.000e+00 0.000e+00 4.991e-04 4.780e-03 4.803e-03 4.803e-03 4.803e-03 4.803e-03 4.803e-03 4.803e-03 4.803e-03 
 8.02 1.726e-03 1.726e-03 1.726e-03 1.726e-03 1.618e-03 1.403e-03 1.187e-03 9.718e-04 7.564e-04 5.409e-04 3.254e-04 1.100e-04 0.000e+00 0.000e+00 0.000e+00 4.904e-04 6.448e-03 6.480e-03 6.480e-03 6.480e-03 6.480e-03 6.480e-03 6.480e-03 6.480e-03 
 8.04 1.631e-03 1.631e-03 1.631e-03 1.631e-03 1.529e-03 1.326e-03 1.122e-03 9.184e-04 7.147e-04 5.111e-04 3.075e-04 1.039e-04 0.000e+00 0.000e+00 0.000e+00 4.848e-04 8.460e-03 8.502e-03 8.502e-03 8.502e-03 8.502e-03 8.502e-03 8.502e-03 8.502e-03 
 8.06 1.523e-03 1.523e-03 1.523e-03 1.523e-03 1.528e-03 1.538e-03 1.547e-03 1.557e-03 1.567e-03 1.577e-03 1.586e-03 1.596e-03 1.080e-03 1.643e-05 0.000e+00 4.824e-04 1.077e-02 1.082e-02 1.082e-02 1.082e-02 1.082e-02 1.082e-02 1.082e-02 1.082e-02 
 8.08 1.427e-03 1.427e-03 1.427e-03 1.427e-03 1.436e-03 1.453e-03 1.470e-03 1.487e-03 1.505e-03 1.522e-03 1.539e-03 1.556e-03 1.265e-03 6.532e-04 5.284e-04 4.836e-04 1.245e-02 1.251e-02 1.251e-02 1.251e-02 1.251e-02 1.251e-02 1.251e-02 1.251e-02 
 8.10 1.375e-03 1.375e-03 1.375e-03 1.375e-03 1.386e-03 1.407e-03 1.428e-03 1.450e-03 1.471e-03 1.492e-03 1.514e-03 1.535e-03 1.247e-03 6.355e-04 6.164e-04 4.867e-04 9.554e-03 9.602e-03 9.602e-03 9.602e-03 9.602e-03 9.602e-03 9.602e-03 9.602e-03 
 8.12 1.390e-03 1.390e-03 1.390e-03 1.390e-03 1.400e-03 1.421e-03 1.441e-03 1.462e-03 1.483e-03 1.503e-03 1.524e-03 1.544e-03 1.252e-03 6.335e-04 6.786e-04 4.737e-04 1.308e-02 1.315e-02 1.315e-02 1.315e-02 1.315e-02 1.315e-02 1.315e-02 1.315e-02 
 8.14 1.486e-03 1.486e-03 1.486e-03 1.486e-03 1.493e-03 1.508e-03 1.523e-03 1.538e-03 1.552e-03 1.567e-03 1.582e-03 1.596e-03 1.293e-03 6.585e-04 6.753e-04 4.568e-04 2.028e-02 2.039e-02 2.039e-02 2.039e-02 2.039e-02 2.039e-02 2.039e-02 2.039e-02 
 8.16 1.676e-03 1.676e-03 1.676e-03 1.676e-03 1.677e-03 1.680e-03 1.683e-03 1.686e-03 1.688e-03 1.691e-03 1.694e-03 1.697e-03 1.376e-03 7.189e-04 5.733e-04 4.441e-04 2.128e-02 2.139e-02 2.139e-02 2.139e-02 2.139e-02 2.139e-02 2.139e-02 2.139e-02 
 8.18 1.976e-03 1.976e-03 1.976e-03 1.976e-03 1.966e-03 1.947e-03 1.927e-03 1.907e-03 1.888e-03 1.868e-03 1.849e-03 1.829e-03 1.490e-03 8.190e-04 3.541e-04 4.330e-04 2.119e-02 2.130e-02 2.130e-02 2.130e-02 2.130e-02 2.130e-02 2.130e-02 2.130e-02 
 8.20 2.394e-03 2.394e-03 2.394e-03 2.394e-03 2.365e-03 2.308e-03 2.251e-03 2.193e-03 2.136e-03 2.079e-03 2.022e-03 1.964e-03 1.622e-03 9.815e-04 5.486e-05 4.314e-04 2.153e-02 2.164e-02 2.164e-02 2.164e-02 2.164e-02 2.164e-02 2.164e-02 2.164e-02 
 8.22 2.933e-03 2.933e-03 2.933e-03 2.933e-03 2.876e-03 2.762e-03 2.647e-03 2.533e-03 2.419e-03 2.305e-03 2.191e-03 2.076e-03 1.767e-03 1.254e-03 0.000e+00 4.162e-04 2.119e-02 2.130e-02 2.130e-02 2.130e-02 2.130e-02 2.130e-02 2.130e-02 2.130e-02 
 8.24 3.585e-03 3.585e-03 3.585e-03 3.585e-03 3.489e-03 3.296e-03 3.103e-03 2.911e-03 2.718e-03 2.526e-03 2.333e-03 2.140e-03 1.923e-03 1.679e-03 0.000e+00 5.033e-04 2.056e-02 2.067e-02 2.067e-02 2.067e-02 2.067e-02 2.067e-02 2.067e-02 2.067e-02 
 8.26 4.326e-03 4.326e-03 4.326e-03 4.326e-03 4.180e-03 3.887e-03 3.595e-03 3.303e-03 3.010e-03 2.718e-03 2.426e-03 2.133e-03 2.087e-03 2.297e-03 0.000e+00 5.802e-04 2.030e-02 2.040e-02 2.040e-02 2.040e-02 2.040e-02 2.040e-02 2.040e-02 2.040e-02 
 8.28 5.134e-03 5.134e-03 5.134e-03 5.134e-03 4.929e-03 4.520e-03 4.110e-03 3.701e-03 3.291e-03 2.882e-03 2.472e-03 2.063e-03 2.276e-03 3.138e-03 0.000e+00 7.881e-04 1.973e-02 1.983e-02 1.983e-02 1.983e-02 1.983e-02 1.983e-02 1.983e-02 1.983e-02 
 8.30 5.986e-03 5.986e-03 5.986e-03 5.986e-03 5.726e-03 5.205e-03 4.684e-03 4.163e-03 3.642e-03 3.121e-03 2.600e-03 2.079e-03 2.602e-03 4.214e-03 6.559e-04 1.848e-03 1.906e-02 1.915e-02 1.915e-02 1.915e-02 1.915e-02 1.915e-02 1.915e-02 1.915e-02 
 8.32 6.861e-03 6.861e-03 6.861e-03 6.861e-03 6.561e-03 5.961e-03 5.361e-03 4.762e-03 4.162e-03 3.562e-03 2.962e-03 2.362e-03 3.185e-03 5.491e-03 1.614e-03 6.233e-03 1.863e-02 1.870e-02 1.870e-02 1.870e-02 1.870e-02 1.870e-02 1.870e-02 1.870e-02 
 8.34 7.736e-03 7.736e-03 7.736e-03 7.736e-03 7.425e-03 6.803e-03 6.182e-03 5.560e-03 4.938e-03 4.317e-03 3.695e-03 3.073e-03 4.124e-03 6.918e-03 2.787e-03 1.026e-02 1.850e-02 1.854e-02 1.854e-02 1.854e-02 1.854e-02 1.854e-02 1.854e-02 1.854e-02 
 8.36 8.592e-03 8.592e-03 8.592e-03 8.592e-03 8.310e-03 7.746e-03 7.182e-03 6.618e-03 6.054e-03 5.490e-03 4.926e-03 4.362e-03 5.517e-03 8.462e-03 4.109e-03 1.065e-02 1.825e-02 1.829e-02 1.829e-02 1.829e-02 1.829e-02 1.829e-02 1.829e-02 1.829e-02 
 8.38 9.418e-03 9.418e-03 9.418e-03 9.418e-03 9.213e-03 8.803e-03 8.394e-03 7.984e-03 7.574e-03 7.165e-03 6.755e-03 6.345e-03 7.435e-03 1.009e-02 5.524e-03 1.104e-02 1.780e-02 1.784e-02 1.784e-02 1.784e-02 1.784e-02 1.784e-02 1.784e-02 1.784e-02 
 8.40 1.022e-02 1.022e-02 1.022e-02 1.022e-02 1.014e-02 9.988e-03 9.834e-03 9.680e-03 9.525e-03 9.371e-03 9.216e-03 9.062e-03 9.890e-03 1.174e-02 6.959e-03 1.167e-02 1.735e-02 1.738e-02 1.738e-02 1.738e-02 1.738e-02 1.738e-02 1.738e-02 1.738e-02 
 8.42 1.098e-02 1.098e-02 1.098e-02 1.098e-02 1.107e-02 1.126e-02 1.145e-02 1.164e-02 1.183e-02 1.202e-02 1.221e-02 1.239e-02 1.278e-02 1.338e-02 8.350e-03 1.235e-02 1.713e-02 1.716e-02 1.716e-02 1.716e-02 1.716e-02 1.716e-02 1.716e-02 1.716e-02 
 8.44 1.171e-02 1.171e-02 1.171e-02 1.171e-02 1.200e-02 1.259e-02 1.318e-02 1.376e-02 1.435e-02 1.494e-02 1.552e-02 1.611e-02 1.593e-02 1.496e-02 9.635e-03 1.340e-02 1.718e-02 1.720e-02 1.720e-02 1.720e-02 1.720e-02 1.720e-02 1.720e-02 1.720e-02 
 8.46 1.239e-02 1.239e-02 1.239e-02 1.239e-02 1.290e-02 1.393e-02 1.495e-02 1.597e-02 1.700e-02 1.802e-02 1.904e-02 2.007e-02 1.921e-02 1.640e-02 1.077e-02 1.462e-02 1.708e-02 1.709e-02 1.709e-02 1.709e-02 1.709e-02 1.709e-02 1.709e-02 1.709e-02 
 8.48 1.301e-02 1.301e-02 1.301e-02 1.301e-02 1.375e-02 1.523e-02 1.671e-02 1.820e-02 1.968e-02 2.116e-02 2.264e-02 2.412e-02 2.253e-02 1.774e-02 1.178e-02 1.560e-02 1.674e-02 1.675e-02 1.675e-02 1.675e-02 1.675e-02 1.675e-02 1.675e-02 1.675e-02 
 8.50 1.357e-02 1.357e-02 1.357e-02 1.357e-02 1.454e-02 1.647e-02 1.841e-02 2.035e-02 2.228e-02 2.422e-02 2.616e-02 2.809e-02 2.575e-02 1.896e-02 1.267e-02 1.605e-02 1.643e-02 1.643e-02 1.643e-02 1.643e-02 1.643e-02 1.643e-02 1.643e-02 1.643e-02 
 8.52 1.407e-02 1.407e-02 1.407e-02 1.407e-02 1.525e-02 1.762e-02 1.998e-02 2.235e-02 2.471e-02 2.707e-02 2.944e-02 3.180e-02 2.876e-02 2.009e-02 1.348e-02 1.606e-02 1.628e-02 1.628e-02 1.628e-02 1.628e-02 1.628e-02 1.628e-02 1.628e-02 1.628e-02 
 8.54 1.452e-02 1.452e-02 1.452e-02 1.452e-02 1.589e-02 1.863e-02 2.137e-02 2.411e-02 2.685e-02 2.958e-02 3.232e-02 3.506e-02 3.141e-02 2.111e-02 1.421e-02 1.594e-02 1.636e-02 1.636e-02 1.636e-02 1.636e-02 1.636e-02 1.636e-02 1.636e-02 1.636e-02 
 8.56 1.493e-02 1.493e-02 1.493e-02 1.493e-02 1.645e-02 1.949e-02 2.253e-02 2.557e-02 2.860e-02 3.164e-02 3.468e-02 3.772e-02 3.359e-02 2.200e-02 1.485e-02 1.581e-02 1.642e-02 1.642e-02 1.642e-02 1.642e-02 1.642e-02 1.642e-02 1.642e-02 1.642e-02 
 8.58 1.530e-02 1.530e-02 1.530e-02 1.530e-02 1.693e-02 2.019e-02 2.345e-02 2.670e-02 2.996e-02 3.322e-02 3.648e-02 3.974e-02 3.527e-02 2.275e-02 1.540e-02 1.566e-02 1.629e-02 1.629e-02 1.629e-02 1.629e-02 1.629e-02 1.629e-02 1.629e-02 1.629e-02 
 8.60 1.565e-02 1.565e-02 1.565e-02 1.565e-02 1.736e-02 2.077e-02 2.419e-02 2.760e-02 3.101e-02 3.443e-02 3.784e-02 4.126e-02 3.655e-02 2.336e-02 1.588e-02 1.553e-02 1.609e-02 1.609e-02 1.609e-02 1.609e-02 1.609e-02 1.609e-02 1.609e-02 1.609e-02 
 8.62 1.597e-02 1.597e-02 1.597e-02 1.597e-02 1.773e-02 2.125e-02 2.478e-02 2.830e-02 3.182e-02 3.535e-02 3.887e-02 4.239e-02 3.750e-02 2.383e-02 1.628e-02 1.544e-02 1.595e-02 1.595e-02 1.595e-02 1.595e-02 1.595e-02 1.595e-02 1.595e-02 1.595e-02 
 8.64 1.626e-02 1.626e-02 1.626e-02 1.626e-02 1.806e-02 2.166e-02 2.525e-02 2.885e-02 3.245e-02 3.605e-02 3.965e-02 4.324e-02 3.820e-02 2.416e-02 1.660e-02 1.543e-02 1.594e-02 1.594e-02 1.594e-02 1.594e-02 1.594e-02 1.594e-02 1.594e-02 1.594e-02 
 8.66 1.652e-02 1.652e-02 1.652e-02 1.652e-02 1.835e-02 2.200e-02 2.565e-02 2.930e-02 3.295e-02 3.660e-02 4.025e-02 4.390e-02 3.873e-02 2.437e-02 1.686e-02 1.548e-02 1.609e-02 1.609e-02 1.609e-02 1.609e-02 1.609e-02 1.609e-02 1.609e-02 1.609e-02 
 8.68 1.676e-02 1.676e-02 1.676e-02 1.676e-02 1.860e-02 2.229e-02 2.598e-02 2.967e-02 3.335e-02 3.704e-02 4.073e-02 4.442e-02 3.914e-02 2.451e-02 1.705e-02 1.558e-02 1.626e-02 1.626e-02 1.626e-02 1.626e-02 1.626e-02 1.626e-02 1.626e-02 1.626e-02 
 8.70 1.698e-02 1.698e-02 1.698e-02 1.698e-02 1.884e-02 2.256e-02 2.628e-02 3.000e-02 3.372e-02 3.743e-02 4.115e-02 4.487e-02 3.947e-02 2.457e-02 1.719e-02 1.565e-02 1.631e-02 1.631e-02 1.631e-02 1.631e-02 1.631e-02 1.631e-02 1.631e-02 1.631e-02 
 8.72 1.718e-02 1.718e-02 1.718e-02 1.718e-02 1.906e-02 2.281e-02 2.656e-02 3.031e-02 3.407e-02 3.782e-02 4.157e-02 4.533e-02 3.979e-02 2.458e-02 1.727e-02 1.567e-02 1.626e-02 1.626e-02 1.626e-02 1.626e-02 1.626e-02 1.626e-02 1.626e-02 1.626e-02 
 8.74 1.737e-02 1.737e-02 1.737e-02 1.737e-02 1.927e-02 2.306e-02 2.685e-02 3.065e-02 3.444e-02 3.824e-02 4.203e-02 4.582e-02 4.014e-02 2.458e-02 1.730e-02 1.561e-02 1.612e-02 1.612e-02 1.612e-02 1.612e-02 1.612e-02 1.612e-02 1.612e-02 1.612e-02 
 8.76 1.755e-02 1.755e-02 1.755e-02 1.755e-02 1.948e-02 2.333e-02 2.718e-02 3.103e-02 3.488e-02 3.873e-02 4.258e-02 4.643e-02 4.056e-02 2.456e-02 1.727e-02 1.554e-02 1.592e-02 1.592e-02 1.592e-02 1.592e-02 1.592e-02 1.592e-02 1.592e-02 1.592e-02 
 8.78 1.772e-02 1.772e-02 1.772e-02 1.772e-02 1.968e-02 2.361e-02 2.754e-02 3.146e-02 3.539e-02 3.931e-02 4.324e-02 4.717e-02 4.108e-02 2.455e-02 1.719e-02 1.557e-02 1.567e-02 1.567e-02 1.567e-02 1.567e-02 1.567e-02 1.567e-02 1.567e-02 1.567e-02 
 8.80 1.787e-02 1.787e-02 1.787e-02 1.787e-02 1.988e-02 2.391e-02 2.794e-02 3.196e-02 3.599e-02 4.001e-02 4.404e-02 4.807e-02 4.171e-02 2.455e-02 1.707e-02 1.568e-02 1.538e-02 1.538e-02 1.538e-02 1.538e-02 1.538e-02 1.538e-02 1.538e-02 1.538e-02 
 8.82 1.802e-02 1.802e-02 1.802e-02 1.802e-02 2.009e-02 2.423e-02 2.837e-02 3.251e-02 3.665e-02 4.080e-02 4.494e-02 4.908e-02 4.244e-02 2.457e-02 1.691e-02 1.579e-02 1.508e-02 1.508e-02 1.508e-02 1.508e-02 1.508e-02 1.508e-02 1.508e-02 1.508e-02 
 8.84 1.816e-02 1.816e-02 1.816e-02 1.816e-02 2.029e-02 2.456e-02 2.882e-02 3.309e-02 3.735e-02 4.161e-02 4.588e-02 5.014e-02 4.322e-02 2.464e-02 1.669e-02 1.583e-02 1.479e-02 1.478e-02 1.478e-02 1.478e-02 1.478e-02 1.478e-02 1.478e-02 1.478e-02 
 8.86 1.829e-02 1.829e-02 1.829e-02 1.829e-02 2.049e-02 2.488e-02 2.927e-02 3.367e-02 3.806e-02 4.245e-02 4.685e-02 5.124e-02 4.403e-02 2.474e-02 1.645e-02 1.574e-02 1.449e-02 1.448e-02 1.448e-02 1.448e-02 1.448e-02 1.448e-02 1.448e-02 1.448e-02 
 8.88 1.842e-02 1.842e-02 1.842e-02 1.842e-02 2.068e-02 2.520e-02 2.971e-02 3.423e-02 3.875e-02 4.327e-02 4.779e-02 5.230e-02 4.483e-02 2.486e-02 1.615e-02 1.552e-02 1.422e-02 1.421e-02 1.421e-02 1.421e-02 1.421e-02 1.421e-02 1.421e-02 1.421e-02 
 8.90 1.854e-02 1.854e-02 1.854e-02 1.854e-02 2.086e-02 2.550e-02 3.013e-02 3.477e-02 3.941e-02 4.405e-02 4.869e-02 5.332e-02 4.559e-02 2.497e-02 1.581e-02 1.531e-02 1.398e-02 1.397e-02 1.397e-02 1.397e-02 1.397e-02 1.397e-02 1.397e-02 1.397e-02 
 8.92 1.867e-02 1.867e-02 1.867e-02 1.867e-02 2.104e-02 2.579e-02 3.053e-02 3.527e-02 4.002e-02 4.476e-02 4.951e-02 5.425e-02 4.627e-02 2.504e-02 1.543e-02 1.521e-02 1.377e-02 1.376e-02 1.376e-02 1.376e-02 1.376e-02 1.376e-02 1.376e-02 1.376e-02 
 8.94 2.000e+00 2.000e+00 2.000e+00 2.000e+00 2.000e+00 2.000e+00 2.000e+00 2.000e+00 2.000e+00 2.000e+00 2.000e+00 2.000e+00 4.685e-02 2.506e-02 1.502e-02 1.511e-02 1.362e-02 1.361e-02 1.361e-02 1.361e-02 1.361e-02 1.361e-02 1.361e-02 1.361e-02 
 8.96 2.000e+00 2.000e+00 2.000e+00 2.000e+00 2.000e+00 2.000e+00 2.000e+00 2.000e+00 2.000e+00 2.000e+00 2.000e+00 2.000e+00 4.728e-02 2.498e-02 1.459e-02 1.477e-02 1.353e-02 1.352e-02 1.352e-02 1.352e-02 1.352e-02 1.352e-02 1.352e-02 1.352e-02 
 8.98 2.000e+00 2.000e+00 2.000e+00 2.000e+00 2.000e+00 2.000e+00 2.000e+00 2.000e+00 2.000e+00 2.000e+00 2.000e+00 2.000e+00 4.752e-02 2.483e-02 1.412e-02 1.420e-02 1.347e-02 1.347e-02 1.347e-02 1.347e-02 1.347e-02 1.347e-02 1.347e-02 1.347e-02 
 9.00 2.000e+00 2.000e+00 2.000e+00 2.000e+00 2.000e+00 2.000e+00 2.000e+00 2.000e+00 2.000e+00 2.000e+00 2.000e+00 2.000e+00 4.752e-02 2.456e-02 1.362e-02 1.376e-02 1.339e-02 1.339e-02 1.339e-02 1.339e-02 1.339e-02 1.339e-02 1.339e-02 1.339e-02 
 9.02 2.000e+00 2.000e+00 2.000e+00 2.000e+00 2.000e+00 2.000e+00 2.000e+00 2.000e+00 2.000e+00 2.000e+00 2.000e+00 2.000e+00 4.726e-02 2.422e-02 1.307e-02 1.372e-02 1.319e-02 1.319e-02 1.319e-02 1.319e-02 1.319e-02 1.319e-02 1.319e-02 1.319e-02 
 9.04 2.000e+00 2.000e+00 2.000e+00 2.000e+00 2.000e+00 2.000e+00 2.000e+00 2.000e+00 2.000e+00 2.000e+00 2.000e+00 2.000e+00 4.675e-02 2.387e-02 1.252e-02 1.386e-02 1.280e-02 1.279e-02 1.279e-02 1.279e-02 1.279e-02 1.279e-02 1.279e-02 1.279e-02 
 9.06 2.000e+00 2.000e+00 2.000e+00 2.000e+00 2.000e+00 2.000e+00 2.000e+00 2.000e+00 2.000e+00 2.000e+00 2.000e+00 2.000e+00 4.606e-02 2.361e-02 1.204e-02 1.373e-02 1.213e-02 1.212e-02 1.212e-02 1.212e-02 1.212e-02 1.212e-02 1.212e-02 1.212e-02 
 9.08 2.000e+00 2.000e+00 2.000e+00 2.000e+00 2.000e+00 2.000e+00 2.000e+00 2.000e+00 2.000e+00 2.000e+00 2.000e+00 2.000e+00 4.546e-02 2.342e-02 1.154e-02 1.301e-02 1.113e-02 1.112e-02 1.112e-02 1.112e-02 1.112e-02 1.112e-02 1.112e-02 1.112e-02 
 9.10 2.000e+00 2.000e+00 2.000e+00 2.000e+00 2.000e+00 2.000e+00 2.000e+00 2.000e+00 2.000e+00 2.000e+00 2.000e+00 2.000e+00 4.519e-02 2.332e-02 1.078e-02 1.203e-02 9.904e-03 9.893e-03 9.893e-03 9.893e-03 9.893e-03 9.893e-03 9.893e-03 9.893e-03 
 9.12 2.000e+00 2.000e+00 2.000e+00 2.000e+00 2.000e+00 2.000e+00 2.000e+00 2.000e+00 2.000e+00 2.000e+00 2.000e+00 2.000e+00 4.525e-02 2.343e-02 9.487e-03 1.113e-02 8.602e-03 8.588e-03 8.588e-03 8.588e-03 8.588e-03 8.588e-03 8.588e-03 8.588e-03 
 9.14 2.000e+00 2.000e+00 2.000e+00 2.000e+00 2.000e+00 2.000e+00 2.000e+00 2.000e+00 2.000e+00 2.000e+00 2.000e+00 2.000e+00 4.502e-02 2.267e-02 7.601e-03 1.013e-02 7.202e-03 7.186e-03 7.186e-03 7.186e-03 7.186e-03 7.186e-03 7.186e-03 7.186e-03 
 9.16 2.000e+00 2.000e+00 2.000e+00 2.000e+00 2.000e+00 2.000e+00 2.000e+00 2.000e+00 2.000e+00 2.000e+00 2.000e+00 2.000e+00 4.357e-02 2.046e-02 6.090e-03 8.744e-03 5.691e-03 5.675e-03 5.675e-03 5.675e-03 5.675e-03 5.675e-03 5.675e-03 5.675e-03 
 9.18 2.000e+00 2.000e+00 2.000e+00 2.000e+00 2.000e+00 2.000e+00 2.000e+00 2.000e+00 2.000e+00 2.000e+00 2.000e+00 2.000e+00 4.105e-02 1.960e-02 5.331e-03 7.031e-03 4.342e-03 4.328e-03 4.328e-03 4.328e-03 4.328e-03 4.328e-03 4.328e-03 4.328e-03 
 9.20 2.000e+00 2.000e+00 2.000e+00 2.000e+00 2.000e+00 2.000e+00 2.000e+00 2.000e+00 2.000e+00 2.000e+00 2.000e+00 2.000e+00 3.894e-02 1.906e-02 4.827e-03 5.563e-03 3.492e-03 3.481e-03 3.481e-03 3.481e-03 3.481e-03 3.481e-03 3.481e-03 3.481e-03 
 9.22 2.000e+00 2.000e+00 2.000e+00 2.000e+00 2.000e+00 2.000e+00 2.000e+00 2.000e+00 2.000e+00 2.000e+00 2.000e+00 2.000e+00 3.733e-02 1.845e-02 4.313e-03 4.683e-03 3.103e-03 3.095e-03 3.095e-03 3.095e-03 3.095e-03 3.095e-03 3.095e-03 3.095e-03 
 9.24 2.000e+00 2.000e+00 2.000e+00 2.000e+00 2.000e+00 2.000e+00 2.000e+00 2.000e+00 2.000e+00 2.000e+00 2.000e+00 2.000e+00 3.604e-02 1.775e-02 3.753e-03 4.158e-03 3.001e-03 2.995e-03 2.995e-03 2.995e-03 2.995e-03 2.995e-03 2.995e-03 2.995e-03 
 9.26 2.000e+00 2.000e+00 2.000e+00 2.000e+00 2.000e+00 2.000e+00 2.000e+00 2.000e+00 2.000e+00 2.000e+00 2.000e+00 2.000e+00 3.474e-02 1.694e-02 3.211e-03 3.742e-03 3.004e-03 3.000e-03 3.000e-03 3.000e-03 3.000e-03 3.000e-03 3.000e-03 3.000e-03 
 9.28 2.000e+00 2.000e+00 2.000e+00 2.000e+00 2.000e+00 2.000e+00 2.000e+00 2.000e+00 2.000e+00 2.000e+00 2.000e+00 2.000e+00 3.326e-02 1.610e-02 2.733e-03 3.315e-03 3.015e-03 3.013e-03 3.013e-03 3.013e-03 3.013e-03 3.013e-03 3.013e-03 3.013e-03 
 9.30 2.000e+00 2.000e+00 2.000e+00 2.000e+00 2.000e+00 2.000e+00 2.000e+00 2.000e+00 2.000e+00 2.000e+00 2.000e+00 2.000e+00 3.179e-02 1.518e-02 2.307e-03 2.825e-03 3.021e-03 3.022e-03 3.022e-03 3.022e-03 3.022e-03 3.022e-03 3.022e-03 3.022e-03 
 9.32 2.000e+00 2.000e+00 2.000e+00 2.000e+00 2.000e+00 2.000e+00 2.000e+00 2.000e+00 2.000e+00 2.000e+00 2.000e+00 2.000e+00 3.046e-02 1.416e-02 1.931e-03 2.295e-03 3.026e-03 3.030e-03 3.030e-03 3.030e-03 3.030e-03 3.030e-03 3.030e-03 3.030e-03 
 9.34 2.000e+00 2.000e+00 2.000e+00 2.000e+00 2.000e+00 2.000e+00 2.000e+00 2.000e+00 2.000e+00 2.000e+00 2.000e+00 2.000e+00 2.928e-02 1.310e-02 1.617e-03 2.168e-03 3.032e-03 3.037e-03 3.037e-03 3.037e-03 3.037e-03 3.037e-03 3.037e-03 3.037e-03 
 9.36 2.000e+00 2.000e+00 2.000e+00 2.000e+00 2.000e+00 2.000e+00 2.000e+00 2.000e+00 2.000e+00 2.000e+00 2.000e+00 2.000e+00 2.824e-02 1.202e-02 1.382e-03 1.907e-03 3.038e-03 3.044e-03 3.044e-03 3.044e-03 3.044e-03 3.044e-03 3.044e-03 3.044e-03 
 9.38 2.000e+00 2.000e+00 2.000e+00 2.000e+00 2.000e+00 2.000e+00 2.000e+00 2.000e+00 2.000e+00 2.000e+00 2.000e+00 2.000e+00 2.732e-02 1.097e-02 1.232e-03 1.927e-03 3.044e-03 3.050e-03 3.050e-03 3.050e-03 3.050e-03 3.050e-03 3.050e-03 3.050e-03 
 9.40 2.000e+00 2.000e+00 2.000e+00 2.000e+00 2.000e+00 2.000e+00 2.000e+00 2.000e+00 2.000e+00 2.000e+00 2.000e+00 2.000e+00 2.648e-02 9.992e-03 1.166e-03 1.925e-03 3.049e-03 3.055e-03 3.055e-03 3.055e-03 3.055e-03 3.055e-03 3.055e-03 3.055e-03 
 9.42 2.000e+00 2.000e+00 2.000e+00 2.000e+00 2.000e+00 2.000e+00 2.000e+00 2.000e+00 2.000e+00 2.000e+00 2.000e+00 2.000e+00 2.572e-02 9.146e-03 1.161e-03 1.925e-03 3.055e-03 3.061e-03 3.061e-03 3.061e-03 3.061e-03 3.061e-03 3.061e-03 3.061e-03 
 9.44 2.000e+00 2.000e+00 2.000e+00 2.000e+00 2.000e+00 2.000e+00 2.000e+00 2.000e+00 2.000e+00 2.000e+00 2.000e+00 2.000e+00 2.500e-02 8.525e-03 1.189e-03 1.927e-03 3.060e-03 3.066e-03 3.066e-03 3.066e-03 3.066e-03 3.066e-03 3.066e-03 3.066e-03 
 9.46 2.000e+00 2.000e+00 2.000e+00 2.000e+00 2.000e+00 2.000e+00 2.000e+00 2.000e+00 2.000e+00 2.000e+00 2.000e+00 2.000e+00 2.418e-02 8.196e-03 1.228e-03 1.930e-03 3.066e-03 3.072e-03 3.072e-03 3.072e-03 3.072e-03 3.072e-03 3.072e-03 3.072e-03 
 9.48 2.000e+00 2.000e+00 2.000e+00 2.000e+00 2.000e+00 2.000e+00 2.000e+00 2.000e+00 2.000e+00 2.000e+00 2.000e+00 2.000e+00 2.310e-02 8.176e-03 1.256e-03 1.934e-03 3.071e-03 3.077e-03 3.077e-03 3.077e-03 3.077e-03 3.077e-03 3.077e-03 3.077e-03 
 9.50 2.000e+00 2.000e+00 2.000e+00 2.000e+00 2.000e+00 2.000e+00 2.000e+00 2.000e+00 2.000e+00 2.000e+00 2.000e+00 2.000e+00 2.158e-02 8.274e-03 1.269e-03 1.938e-03 3.076e-03 3.082e-03 3.082e-03 3.082e-03 3.082e-03 3.082e-03 3.082e-03 3.082e-03 
 9.52 2.000e+00 2.000e+00 2.000e+00 2.000e+00 2.000e+00 2.000e+00 2.000e+00 2.000e+00 2.000e+00 2.000e+00 2.000e+00 2.000e+00 1.943e-02 8.259e-03 1.270e-03 1.943e-03 3.081e-03 3.087e-03 3.087e-03 3.087e-03 3.087e-03 3.087e-03 3.087e-03 3.087e-03 
 9.54 2.000e+00 2.000e+00 2.000e+00 2.000e+00 2.000e+00 2.000e+00 2.000e+00 2.000e+00 2.000e+00 2.000e+00 2.000e+00 2.000e+00 1.672e-02 7.938e-03 1.264e-03 1.946e-03 3.085e-03 3.091e-03 3.091e-03 3.091e-03 3.091e-03 3.091e-03 3.091e-03 3.091e-03 
 9.56 2.000e+00 2.000e+00 2.000e+00 2.000e+00 2.000e+00 2.000e+00 2.000e+00 2.000e+00 2.000e+00 2.000e+00 2.000e+00 2.000e+00 1.367e-02 7.133e-03 1.257e-03 1.950e-03 3.090e-03 3.096e-03 3.096e-03 3.096e-03 3.096e-03 3.096e-03 3.096e-03 3.096e-03 
 9.58 2.000e+00 2.000e+00 2.000e+00 2.000e+00 2.000e+00 2.000e+00 2.000e+00 2.000e+00 2.000e+00 2.000e+00 2.000e+00 2.000e+00 1.051e-02 5.771e-03 1.248e-03 1.952e-03 3.094e-03 3.100e-03 3.100e-03 3.100e-03 3.100e-03 3.100e-03 3.100e-03 3.100e-03 
 9.60 2.000e+00 2.000e+00 2.000e+00 2.000e+00 2.000e+00 2.000e+00 2.000e+00 2.000e+00 2.000e+00 2.000e+00 2.000e+00 2.000e+00 7.560e-03 4.126e-03 1.244e-03 1.955e-03 3.099e-03 3.105e-03 3.105e-03 3.105e-03 3.105e-03 3.105e-03 3.105e-03 3.105e-03 
 9.62 2.000e+00 2.000e+00 2.000e+00 2.000e+00 2.000e+00 2.000e+00 2.000e+00 2.000e+00 2.000e+00 2.000e+00 2.000e+00 2.000e+00 5.129e-03 2.527e-03 1.243e-03 1.956e-03 3.103e-03 3.109e-03 3.109e-03 3.109e-03 3.109e-03 3.109e-03 3.109e-03 3.109e-03 
 9.64 2.000e+00 2.000e+00 2.000e+00 2.000e+00 2.000e+00 2.000e+00 2.000e+00 2.000e+00 2.000e+00 2.000e+00 2.000e+00 2.000e+00 3.344e-03 1.276e-03 1.244e-03 1.958e-03 3.107e-03 3.113e-03 3.113e-03 3.113e-03 3.113e-03 3.113e-03 3.113e-03 3.113e-03 
 9.66 2.000e+00 2.000e+00 2.000e+00 2.000e+00 2.000e+00 2.000e+00 2.000e+00 2.000e+00 2.000e+00 2.000e+00 2.000e+00 2.000e+00 2.182e-03 5.979e-04 1.247e-03 1.960e-03 3.110e-03 3.116e-03 3.116e-03 3.116e-03 3.116e-03 3.116e-03 3.116e-03 3.116e-03 
 9.68 2.000e+00 2.000e+00 2.000e+00 2.000e+00 2.000e+00 2.000e+00 2.000e+00 2.000e+00 2.000e+00 2.000e+00 2.000e+00 2.000e+00 1.506e-03 4.100e-04 1.250e-03 1.963e-03 3.114e-03 3.120e-03 3.120e-03 3.120e-03 3.120e-03 3.120e-03 3.120e-03 3.120e-03 
 9.70 2.000e+00 2.000e+00 2.000e+00 2.000e+00 2.000e+00 2.000e+00 2.000e+00 2.000e+00 2.000e+00 2.000e+00 2.000e+00 2.000e+00 1.163e-03 5.286e-04 1.254e-03 1.966e-03 3.118e-03 3.124e-03 3.124e-03 3.124e-03 3.124e-03 3.124e-03 3.124e-03 3.124e-03 
 9.72 2.000e+00 2.000e+00 2.000e+00 2.000e+00 2.000e+00 2.000e+00 2.000e+00 2.000e+00 2.000e+00 2.000e+00 2.000e+00 2.000e+00 1.030e-03 7.899e-04 1.256e-03 1.970e-03 3.121e-03 3.127e-03 3.127e-03 3.127e-03 3.127e-03 3.127e-03 3.127e-03 3.127e-03 
 9.74 2.000e+00 2.000e+00 2.000e+00 2.000e+00 2.000e+00 2.000e+00 2.000e+00 2.000e+00 2.000e+00 2.000e+00 2.000e+00 2.000e+00 1.019e-03 1.068e-03 1.258e-03 1.973e-03 3.124e-03 3.130e-03 3.130e-03 3.130e-03 3.130e-03 3.130e-03 3.130e-03 3.130e-03 
 9.76 2.000e+00 2.000e+00 2.000e+00 2.000e+00 2.000e+00 2.000e+00 2.000e+00 2.000e+00 2.000e+00 2.000e+00 2.000e+00 2.000e+00 1.061e-03 1.262e-03 1.259e-03 1.976e-03 3.127e-03 3.133e-03 3.133e-03 3.133e-03 3.133e-03 3.133e-03 3.133e-03 3.133e-03 
 9.78 2.000e+00 2.000e+00 2.000e+00 2.000e+00 2.000e+00 2.000e+00 2.000e+00 2.000e+00 2.000e+00 2.000e+00 2.000e+00 2.000e+00 1.116e-03 1.343e-03 1.260e-03 1.979e-03 3.130e-03 3.136e-03 3.136e-03 3.136e-03 3.136e-03 3.136e-03 3.136e-03 3.136e-03 
 9.80 2.000e+00 2.000e+00 2.000e+00 2.000e+00 2.000e+00 2.000e+00 2.000e+00 2.000e+00 2.000e+00 2.000e+00 2.000e+00 2.000e+00 1.169e-03 1.345e-03 1.260e-03 1.981e-03 3.133e-03 3.139e-03 3.139e-03 3.139e-03 3.139e-03 3.139e-03 3.139e-03 3.139e-03 
 9.82 2.000e+00 2.000e+00 2.000e+00 2.000e+00 2.000e+00 2.000e+00 2.000e+00 2.000e+00 2.000e+00 2.000e+00 2.000e+00 2.000e+00 1.215e-03 1.304e-03 1.261e-03 1.982e-03 3.136e-03 3.142e-03 3.142e-03 3.142e-03 3.142e-03 3.142e-03 3.142e-03 3.142e-03 
 9.84 2.000e+00 2.000e+00 2.000e+00 2.000e+00 2.000e+00 2.000e+00 2.000e+00 2.000e+00 2.000e+00 2.000e+00 2.000e+00 2.000e+00 1.247e-03 1.248e-03 1.262e-03 1.983e-03 3.139e-03 3.145e-03 3.145e-03 3.145e-03 3.145e-03 3.145e-03 3.145e-03 3.145e-03 
 9.86 2.000e+00 2.000e+00 2.000e+00 2.000e+00 2.000e+00 2.000e+00 2.000e+00 2.000e+00 2.000e+00 2.000e+00 2.000e+00 2.000e+00 1.258e-03 1.196e-03 1.263e-03 1.984e-03 3.141e-03 3.147e-03 3.147e-03 3.147e-03 3.147e-03 3.147e-03 3.147e-03 3.147e-03 
 9.88 2.000e+00 2.000e+00 2.000e+00 2.000e+00 2.000e+00 2.000e+00 2.000e+00 2.000e+00 2.000e+00 2.000e+00 2.000e+00 2.000e+00 1.258e-03 1.163e-03 1.264e-03 1.985e-03 3.144e-03 3.150e-03 3.150e-03 3.150e-03 3.150e-03 3.150e-03 3.150e-03 3.150e-03 
 9.90 2.000e+00 2.000e+00 2.000e+00 2.000e+00 2.000e+00 2.000e+00 2.000e+00 2.000e+00 2.000e+00 2.000e+00 2.000e+00 2.000e+00 1.253e-03 1.153e-03 1.265e-03 1.986e-03 3.147e-03 3.153e-03 3.153e-03 3.153e-03 3.153e-03 3.153e-03 3.153e-03 3.153e-03 
 9.92 2.000e+00 2.000e+00 2.000e+00 2.000e+00 2.000e+00 2.000e+00 2.000e+00 2.000e+00 2.000e+00 2.000e+00 2.000e+00 2.000e+00 1.245e-03 1.157e-03 1.267e-03 1.987e-03 3.150e-03 3.156e-03 3.156e-03 3.156e-03 3.156e-03 3.156e-03 3.156e-03 3.156e-03 
 9.94 2.000e+00 2.000e+00 2.000e+00 2.000e+00 2.000e+00 2.000e+00 2.000e+00 2.000e+00 2.000e+00 2.000e+00 2.000e+00 2.000e+00 1.237e-03 1.171e-03 1.268e-03 1.989e-03 3.153e-03 3.159e-03 3.159e-03 3.159e-03 3.159e-03 3.159e-03 3.159e-03 3.159e-03 
 9.96 2.000e+00 2.000e+00 2.000e+00 2.000e+00 2.000e+00 2.000e+00 2.000e+00 2.000e+00 2.000e+00 2.000e+00 2.000e+00 2.000e+00 1.233e-03 1.191e-03 1.270e-03 1.991e-03 3.156e-03 3.162e-03 3.162e-03 3.162e-03 3.162e-03 3.162e-03 3.162e-03 3.162e-03 
 9.98 2.000e+00 2.000e+00 2.000e+00 2.000e+00 2.000e+00 2.000e+00 2.000e+00 2.000e+00 2.000e+00 2.000e+00 2.000e+00 2.000e+00 1.232e-03 1.210e-03 1.272e-03 1.994e-03 3.159e-03 3.165e-03 3.165e-03 3.165e-03 3.165e-03 3.165e-03 3.165e-03 3.165e-03 
10.00 2.000e+00 2.000e+00 2.000e+00 2.000e+00 2.000e+00 2.000e+00 2.000e+00 2.000e+00 2.000e+00 2.000e+00 2.000e+00 2.000e+00 1.234e-03 1.225e-03 1.273e-03 1.998e-03 3.163e-03 3.169e-03 3.169e-03 3.169e-03 3.169e-03 3.169e-03 3.169e-03 3.169e-03 
10.02 2.000e+00 2.000e+00 2.000e+00 2.000e+00 2.000e+00 2.000e+00 2.000e+00 2.000e+00 2.000e+00 2.000e+00 2.000e+00 2.000e+00 1.237e-03 1.234e-03 1.275e-03 2.001e-03 3.167e-03 3.173e-03 3.173e-03 3.173e-03 3.173e-03 3.173e-03 3.173e-03 3.173e-03 
10.04 2.000e+00 2.000e+00 2.000e+00 2.000e+00 2.000e+00 2.000e+00 2.000e+00 2.000e+00 2.000e+00 2.000e+00 2.000e+00 2.000e+00 1.241e-03 1.238e-03 1.276e-03 2.006e-03 3.171e-03 3.177e-03 3.177e-03 3.177e-03 3.177e-03 3.177e-03 3.177e-03 3.177e-03 
10.06 2.000e+00 2.000e+00 2.000e+00 2.000e+00 2.000e+00 2.000e+00 2.000e+00 2.000e+00 2.000e+00 2.000e+00 2.000e+00 2.000e+00 1.245e-03 1.238e-03 1.277e-03 2.010e-03 3.175e-03 3.181e-03 3.181e-03 3.181e-03 3.181e-03 3.181e-03 3.181e-03 3.181e-03 
10.08 2.000e+00 2.000e+00 2.000e+00 2.000e+00 2.000e+00 2.000e+00 2.000e+00 2.000e+00 2.000e+00 2.000e+00 2.000e+00 2.000e+00 1.248e-03 1.236e-03 1.278e-03 2.015e-03 3.180e-03 3.186e-03 3.186e-03 3.186e-03 3.186e-03 3.186e-03 3.186e-03 3.186e-03 
10.10 2.000e+00 2.000e+00 2.000e+00 2.000e+00 2.000e+00 2.000e+00 2.000e+00 2.000e+00 2.000e+00 2.000e+00 2.000e+00 2.000e+00 1.251e-03 1.234e-03 1.280e-03 2.020e-03 3.185e-03 3.191e-03 3.191e-03 3.191e-03 3.191e-03 3.191e-03 3.191e-03 3.191e-03 
10.12 2.000e+00 2.000e+00 2.000e+00 2.000e+00 2.000e+00 2.000e+00 2.000e+00 2.000e+00 2.000e+00 2.000e+00 2.000e+00 2.000e+00 1.254e-03 1.232e-03 1.281e-03 2.026e-03 3.191e-03 3.197e-03 3.197e-03 3.197e-03 3.197e-03 3.197e-03 3.197e-03 3.197e-03 
10.14 2.000e+00 2.000e+00 2.000e+00 2.000e+00 2.000e+00 2.000e+00 2.000e+00 2.000e+00 2.000e+00 2.000e+00 2.000e+00 2.000e+00 1.255e-03 1.231e-03 1.282e-03 2.032e-03 3.196e-03 3.202e-03 3.202e-03 3.202e-03 3.202e-03 3.202e-03 3.202e-03 3.202e-03 
