7.180 1.061e-30 1.061e-30 1.061e-30 1.061e-30 1.061e-30 1.061e-30 1.061e-30 1.148e-30 1.100e-30 8.647e-31 5.925e-31 4.318e-31 4.112e-31 6.283e-31 1.726e-30 1.043e-30 2.915e-32 9.427e-31 4.143e-22 4.143e-22 4.143e-22 4.143e-22 4.143e-22 4.143e-22
7.200 1.061e-30 1.061e-30 1.061e-30 1.061e-30 1.061e-30 1.061e-30 1.061e-30 1.148e-30 1.100e-30 8.647e-31 5.926e-31 4.320e-31 4.113e-31 6.284e-31 1.726e-30 1.043e-30 2.918e-32 9.427e-31 4.118e-22 4.118e-22 4.118e-22 4.118e-22 4.118e-22 4.118e-22
7.220 1.061e-30 1.061e-30 1.061e-30 1.061e-30 1.061e-30 1.061e-30 1.061e-30 1.148e-30 1.100e-30 8.648e-31 5.928e-31 4.322e-31 4.115e-31 6.285e-31 1.725e-30 1.043e-30 2.924e-32 9.427e-31 4.071e-22 4.071e-22 4.071e-22 4.071e-22 4.071e-22 4.071e-22
7.240 1.061e-30 1.061e-30 1.061e-30 1.061e-30 1.061e-30 1.061e-30 1.061e-30 1.148e-30 1.100e-30 8.648e-31 5.929e-31 4.323e-31 4.117e-31 6.287e-31 1.725e-30 1.043e-30 2.928e-32 9.428e-31 4.035e-22 4.035e-22 4.035e-22 4.035e-22 4.035e-22 4.035e-22
7.260 1.061e-30 1.061e-30 1.061e-30 1.061e-30 1.061e-30 1.061e-30 1.061e-30 1.148e-30 1.100e-30 8.649e-31 5.932e-31 4.326e-31 4.120e-31 6.289e-31 1.724e-30 1.043e-30 2.937e-32 9.428e-31 3.968e-22 3.968e-22 3.968e-22 3.968e-22 3.968e-22 3.968e-22
7.280 1.061e-30 1.061e-30 1.061e-30 1.061e-30 1.061e-30 1.061e-30 1.061e-30 1.148e-30 1.099e-30 8.651e-31 5.936e-31 4.331e-31 4.125e-31 6.293e-31 1.723e-30 1.043e-30 2.951e-32 9.429e-31 3.867e-22 3.867e-22 3.867e-22 3.867e-22 3.867e-22 3.867e-22
7.300 1.061e-30 1.061e-30 1.061e-30 1.061e-30 1.061e-30 1.061e-30 1.061e-30 1.148e-30 1.099e-30 8.652e-31 5.937e-31 4.333e-31 4.126e-31 6.294e-31 1.722e-30 1.043e-30 2.955e-32 9.429e-31 3.833e-22 3.833e-22 3.833e-22 3.833e-22 3.833e-22 3.833e-22
7.320 1.061e-30 1.061e-30 1.061e-30 1.061e-30 1.061e-30 1.061e-30 1.061e-30 1.148e-30 1.099e-30 8.652e-31 5.939e-31 4.335e-31 4.129e-31 6.296e-31 1.722e-30 1.043e-30 2.962e-32 9.429e-31 3.785e-22 3.785e-22 3.785e-22 3.785e-22 3.785e-22 3.785e-22
7.340 7.438e-31 7.438e-31 7.438e-31 7.438e-31 7.438e-31 7.438e-31 7.438e-31 5.034e-31 6.236e-31 2.058e-30 1.344e-29 6.457e-29 8.234e-29 1.004e-29 6.661e-32 8.100e-31 1.662e-20 2.614e-09 1.902e-20 1.902e-20 1.902e-20 1.902e-20 1.902e-20 1.902e-20
7.360 7.439e-31 7.439e-31 7.439e-31 7.439e-31 7.439e-31 7.439e-31 7.439e-31 5.035e-31 6.237e-31 2.058e-30 1.343e-29 6.448e-29 8.222e-29 1.004e-29 6.667e-32 8.101e-31 1.646e-20 2.532e-09 1.777e-20 1.777e-20 1.777e-20 1.777e-20 1.777e-20 1.777e-20
7.380 2.034e-26 2.034e-26 2.034e-26 2.034e-26 2.034e-26 2.034e-26 2.034e-26 2.621e-18 1.020e-11 1.265e-20 4.018e-20 2.120e-20 1.325e-20 6.985e-29 2.038e-09 2.837e-09 3.147e-09 2.675e-09 2.488e-09 2.488e-09 2.488e-09 2.488e-09 2.488e-09 2.488e-09
7.400 2.901e-09 2.901e-09 2.901e-09 2.901e-09 2.901e-09 2.901e-09 2.901e-09 2.867e-09 2.816e-09 2.738e-09 2.645e-09 2.565e-09 2.525e-09 2.552e-09 2.671e-09 2.789e-09 2.728e-09 2.589e-09 2.504e-09 2.504e-09 2.504e-09 2.504e-09 2.504e-09 2.504e-09
7.420 2.645e-09 2.645e-09 2.645e-09 2.645e-09 2.645e-09 2.645e-09 2.645e-09 2.651e-09 2.650e-09 2.635e-09 2.610e-09 2.583e-09 2.561e-09 2.555e-09 2.569e-09 2.589e-09 2.577e-09 2.524e-09 2.436e-09 2.436e-09 2.436e-09 2.436e-09 2.436e-09 2.436e-09
7.440 2.593e-09 2.593e-09 2.593e-09 2.593e-09 2.593e-09 2.593e-09 2.593e-09 2.600e-09 2.602e-09 2.595e-09 2.578e-09 2.555e-09 2.530e-09 2.505e-09 2.485e-09 2.477e-09 2.482e-09 2.461e-09 2.380e-09 2.380e-09 2.380e-09 2.380e-09 2.380e-09 2.380e-09
7.460 2.544e-09 2.544e-09 2.544e-09 2.544e-09 2.544e-09 2.544e-09 2.544e-09 2.530e-09 2.517e-09 2.506e-09 2.496e-09 2.483e-09 2.465e-09 2.440e-09 2.406e-09 2.399e-09 2.457e-09 2.483e-09 2.376e-09 2.376e-09 2.376e-09 2.376e-09 2.376e-09 2.376e-09
7.480 2.485e-09 2.485e-09 2.485e-09 2.485e-09 2.485e-09 2.485e-09 2.485e-09 2.470e-09 2.458e-09 2.452e-09 2.449e-09 2.443e-09 2.428e-09 2.399e-09 2.351e-09 2.324e-09 2.363e-09 2.383e-09 2.290e-09 2.290e-09 2.290e-09 2.290e-09 2.290e-09 2.290e-09
7.500 2.389e-09 2.389e-09 2.389e-09 2.389e-09 2.389e-09 2.389e-09 2.389e-09 2.398e-09 2.391e-09 2.358e-09 2.306e-09 2.251e-09 2.211e-09 2.205e-09 2.244e-09 2.252e-09 2.121e-09 1.990e-09 1.993e-09 1.993e-09 1.993e-09 1.993e-09 1.993e-09 1.993e-09
7.520 2.266e-09 2.266e-09 2.266e-09 2.266e-09 2.266e-09 2.266e-09 2.266e-09 2.274e-09 2.271e-09 2.253e-09 2.221e-09 2.187e-09 2.164e-09 2.160e-09 2.185e-09 2.162e-09 2.002e-09 1.867e-09 1.895e-09 1.895e-09 1.895e-09 1.895e-09 1.895e-09 1.895e-09
7.540 2.151e-09 2.151e-09 2.151e-09 2.151e-09 2.151e-09 2.151e-09 2.151e-09 2.135e-09 2.122e-09 2.112e-09 2.103e-09 2.091e-09 2.070e-09 2.036e-09 1.985e-09 1.915e-09 1.837e-09 1.801e-09 1.848e-09 1.848e-09 1.848e-09 1.848e-09 1.848e-09 1.848e-09
7.560 2.067e-09 2.067e-09 2.067e-09 2.067e-09 2.067e-09 2.067e-09 2.067e-09 2.066e-09 2.058e-09 2.040e-09 2.011e-09 1.977e-09 1.941e-09 1.908e-09 1.882e-09 1.842e-09 1.772e-09 1.733e-09 1.781e-09 1.781e-09 1.781e-09 1.781e-09 1.781e-09 1.781e-09
7.580 1.966e-09 1.966e-09 1.966e-09 1.966e-09 1.966e-09 1.966e-09 1.966e-09 1.953e-09 1.937e-09 1.917e-09 1.894e-09 1.871e-09 1.852e-09 1.838e-09 1.833e-09 1.814e-09 1.757e-09 1.721e-09 1.759e-09 1.759e-09 1.759e-09 1.759e-09 1.759e-09 1.759e-09
7.600 1.918e-09 1.918e-09 1.918e-09 1.918e-09 1.918e-09 1.918e-09 1.918e-09 1.917e-09 1.909e-09 1.891e-09 1.863e-09 1.832e-09 1.804e-09 1.787e-09 1.784e-09 1.780e-09 1.750e-09 1.708e-09 1.673e-09 1.673e-09 1.673e-09 1.673e-09 1.673e-09 1.673e-09
7.620 1.826e-09 1.826e-09 1.826e-09 1.826e-09 1.826e-09 1.826e-09 1.826e-09 1.840e-09 1.850e-09 1.855e-09 1.853e-09 1.842e-09 1.819e-09 1.784e-09 1.735e-09 1.692e-09 1.675e-09 1.655e-09 1.597e-09 1.597e-09 1.597e-09 1.597e-09 1.597e-09 1.597e-09
7.640 1.796e-09 1.796e-09 1.796e-09 1.796e-09 1.796e-09 1.796e-09 1.796e-09 1.799e-09 1.803e-09 1.811e-09 1.817e-09 1.813e-09 1.791e-09 1.742e-09 1.664e-09 1.597e-09 1.594e-09 1.603e-09 1.561e-09 1.561e-09 1.561e-09 1.561e-09 1.561e-09 1.561e-09
7.660 1.758e-09 1.758e-09 1.758e-09 1.758e-09 1.758e-09 1.758e-09 1.758e-09 1.755e-09 1.752e-09 1.749e-09 1.744e-09 1.730e-09 1.704e-09 1.662e-09 1.600e-09 1.552e-09 1.556e-09 1.563e-09 1.521e-09 1.521e-09 1.521e-09 1.521e-09 1.521e-09 1.521e-09
7.680 1.675e-09 1.675e-09 1.675e-09 1.675e-09 1.675e-09 1.675e-09 1.675e-09 1.681e-09 1.684e-09 1.679e-09 1.666e-09 1.645e-09 1.618e-09 1.586e-09 1.549e-09 1.523e-09 1.525e-09 1.520e-09 1.475e-09 1.475e-09 1.475e-09 1.475e-09 1.475e-09 1.475e-09
7.700 1.643e-09 1.643e-09 1.643e-09 1.643e-09 1.643e-09 1.643e-09 1.643e-09 1.642e-09 1.638e-09 1.631e-09 1.619e-09 1.601e-09 1.577e-09 1.546e-09 1.509e-09 1.471e-09 1.444e-09 1.420e-09 1.393e-09 1.393e-09 1.393e-09 1.393e-09 1.393e-09 1.393e-09
7.720 1.480e-09 1.480e-09 1.480e-09 1.480e-09 1.480e-09 1.480e-09 1.480e-09 1.517e-09 1.545e-09 1.555e-09 1.548e-09 1.530e-09 1.507e-09 1.485e-09 1.469e-09 1.435e-09 1.355e-09 1.288e-09 1.284e-09 1.284e-09 1.284e-09 1.284e-09 1.284e-09 1.284e-09
7.740 1.448e-09 1.448e-09 1.448e-09 1.448e-09 1.448e-09 1.448e-09 1.448e-09 1.452e-09 1.455e-09 1.457e-09 1.456e-09 1.451e-09 1.439e-09 1.421e-09 1.394e-09 1.347e-09 1.276e-09 1.226e-09 1.233e-09 1.233e-09 1.233e-09 1.233e-09 1.233e-09 1.233e-09
7.760 1.380e-09 1.380e-09 1.380e-09 1.380e-09 1.380e-09 1.380e-09 1.380e-09 1.388e-09 1.393e-09 1.394e-09 1.388e-09 1.375e-09 1.355e-09 1.327e-09 1.292e-09 1.254e-09 1.222e-09 1.196e-09 1.177e-09 1.177e-09 1.177e-09 1.177e-09 1.177e-09 1.177e-09
7.780 1.331e-09 1.331e-09 1.331e-09 1.331e-09 1.331e-09 1.331e-09 1.331e-09 1.341e-09 1.347e-09 1.345e-09 1.335e-09 1.317e-09 1.293e-09 1.262e-09 1.228e-09 1.199e-09 1.185e-09 1.171e-09 1.140e-09 1.140e-09 1.140e-09 1.140e-09 1.140e-09 1.140e-09
7.800 1.313e-09 1.313e-09 1.313e-09 1.313e-09 1.313e-09 1.313e-09 1.313e-09 1.313e-09 1.312e-09 1.307e-09 1.298e-09 1.285e-09 1.266e-09 1.241e-09 1.211e-09 1.182e-09 1.162e-09 1.143e-09 1.115e-09 1.115e-09 1.115e-09 1.115e-09 1.115e-09 1.115e-09
7.820 1.290e-09 1.290e-09 1.290e-09 1.290e-09 1.290e-09 1.290e-09 1.290e-09 1.281e-09 1.273e-09 1.267e-09 1.260e-09 1.251e-09 1.238e-09 1.217e-09 1.188e-09 1.156e-09 1.132e-09 1.111e-09 1.092e-09 1.092e-09 1.092e-09 1.092e-09 1.092e-09 1.092e-09
7.840 1.251e-09 1.251e-09 1.251e-09 1.251e-09 1.251e-09 1.251e-09 1.251e-09 1.242e-09 1.234e-09 1.228e-09 1.222e-09 1.213e-09 1.199e-09 1.178e-09 1.146e-09 1.110e-09 1.077e-09 1.051e-09 1.034e-09 1.034e-09 1.034e-09 1.034e-09 1.034e-09 1.034e-09
7.860 1.203e-09 1.203e-09 1.203e-09 1.203e-09 1.203e-09 1.203e-09 1.203e-09 1.197e-09 1.192e-09 1.188e-09 1.185e-09 1.178e-09 1.163e-09 1.136e-09 1.095e-09 1.048e-09 1.012e-09 9.871e-10 9.726e-10 9.726e-10 9.726e-10 9.726e-10 9.726e-10 9.726e-10
7.880 1.165e-09 1.165e-09 1.165e-09 1.165e-09 1.165e-09 1.165e-09 1.165e-09 1.157e-09 1.150e-09 1.144e-09 1.138e-09 1.128e-09 1.111e-09 1.084e-09 1.045e-09 9.989e-10 9.601e-10 9.362e-10 9.313e-10 9.313e-10 9.313e-10 9.313e-10 9.313e-10 9.313e-10
7.900 1.131e-09 1.131e-09 1.131e-09 1.131e-09 1.131e-09 1.131e-09 1.131e-09 1.120e-09 1.110e-09 1.101e-09 1.092e-09 1.080e-09 1.062e-09 1.037e-09 1.001e-09 9.585e-10 9.185e-10 8.975e-10 9.072e-10 9.072e-10 9.072e-10 9.072e-10 9.072e-10 9.072e-10
7.920 1.109e-09 1.109e-09 1.109e-09 1.109e-09 1.109e-09 1.109e-09 1.109e-09 1.097e-09 1.084e-09 1.072e-09 1.058e-09 1.042e-09 1.022e-09 9.974e-10 9.663e-10 9.290e-10 8.897e-10 8.667e-10 8.742e-10 8.742e-10 8.742e-10 8.742e-10 8.742e-10 8.742e-10
7.940 1.086e-09 1.086e-09 1.086e-09 1.086e-09 1.086e-09 1.086e-09 1.086e-09 1.083e-09 1.077e-09 1.068e-09 1.054e-09 1.034e-09 1.007e-09 9.728e-10 9.309e-10 8.884e-10 8.558e-10 8.310e-10 8.101e-10 8.101e-10 8.101e-10 8.101e-10 8.101e-10 8.101e-10
7.960 1.061e-09 1.061e-09 1.061e-09 1.061e-09 1.061e-09 1.061e-09 1.061e-09 1.060e-09 1.058e-09 1.051e-09 1.040e-09 1.021e-09 9.923e-10 9.532e-10 9.034e-10 8.582e-10 8.338e-10 7.998e-10 7.300e-10 7.300e-10 7.300e-10 7.300e-10 7.300e-10 7.300e-10
7.980 1.018e-09 1.018e-09 1.018e-09 1.018e-09 1.018e-09 1.018e-09 1.018e-09 9.971e-10 9.808e-10 9.712e-10 9.664e-10 9.604e-10 9.470e-10 9.206e-10 8.776e-10 8.373e-10 8.213e-10 7.837e-10 6.882e-10 6.882e-10 6.882e-10 6.882e-10 6.882e-10 6.882e-10
8.000 9.600e-10 9.600e-10 9.600e-10 9.600e-10 9.600e-10 9.600e-10 9.600e-10 8.974e-10 8.526e-10 8.318e-10 8.329e-10 8.458e-10 8.605e-10 8.663e-10 8.534e-10 8.329e-10 8.220e-10 7.812e-10 6.819e-10 6.819e-10 6.819e-10 6.819e-10 6.819e-10 6.819e-10
8.020 9.090e-10 9.090e-10 9.090e-10 9.090e-10 9.090e-10 9.090e-10 9.090e-10 8.124e-10 7.461e-10 7.166e-10 7.199e-10 7.436e-10 7.753e-10 8.014e-10 8.073e-10 7.971e-10 7.851e-10 7.469e-10 6.653e-10 6.653e-10 6.653e-10 6.653e-10 6.653e-10 6.653e-10
8.040 8.771e-10 8.771e-10 8.771e-10 8.771e-10 8.771e-10 8.771e-10 8.771e-10 7.794e-10 7.108e-10 6.764e-10 6.720e-10 6.859e-10 7.074e-10 7.248e-10 7.261e-10 7.133e-10 6.976e-10 6.689e-10 6.187e-10 6.187e-10 6.187e-10 6.187e-10 6.187e-10 6.187e-10
8.060 8.572e-10 8.572e-10 8.572e-10 8.572e-10 8.572e-10 8.572e-10 8.572e-10 7.747e-10 7.124e-10 6.741e-10 6.566e-10 6.514e-10 6.509e-10 6.480e-10 6.359e-10 6.152e-10 5.929e-10 5.714e-10 5.517e-10 5.517e-10 5.517e-10 5.517e-10 5.517e-10 5.517e-10
8.080 8.376e-10 8.376e-10 8.376e-10 8.376e-10 8.376e-10 8.376e-10 8.376e-10 7.627e-10 7.047e-10 6.668e-10 6.458e-10 6.337e-10 6.232e-10 6.077e-10 5.815e-10 5.506e-10 5.273e-10 5.146e-10 5.120e-10 5.120e-10 5.120e-10 5.120e-10 5.120e-10 5.120e-10
8.100 8.141e-10 8.141e-10 8.141e-10 8.141e-10 8.141e-10 8.141e-10 8.141e-10 7.362e-10 6.770e-10 6.399e-10 6.214e-10 6.127e-10 6.057e-10 5.930e-10 5.683e-10 5.361e-10 5.085e-10 4.923e-10 4.906e-10 4.906e-10 4.906e-10 4.906e-10 4.906e-10 4.906e-10
8.120 7.842e-10 7.842e-10 7.842e-10 7.842e-10 7.842e-10 7.842e-10 7.842e-10 7.066e-10 6.491e-10 6.152e-10 6.013e-10 5.976e-10 5.952e-10 5.854e-10 5.610e-10 5.282e-10 5.019e-10 4.859e-10 4.801e-10 4.801e-10 4.801e-10 4.801e-10 4.801e-10 4.801e-10
8.140 7.472e-10 7.472e-10 7.472e-10 7.472e-10 7.472e-10 7.472e-10 7.472e-10 6.805e-10 6.300e-10 5.993e-10 5.853e-10 5.798e-10 5.750e-10 5.638e-10 5.400e-10 5.100e-10 4.874e-10 4.732e-10 4.655e-10 4.655e-10 4.655e-10 4.655e-10 4.655e-10 4.655e-10
8.160 6.982e-10 6.982e-10 6.982e-10 6.982e-10 6.982e-10 6.982e-10 6.982e-10 6.467e-10 6.064e-10 5.803e-10 5.663e-10 5.584e-10 5.509e-10 5.384e-10 5.166e-10 4.905e-10 4.704e-10 4.569e-10 4.478e-10 4.478e-10 4.478e-10 4.478e-10 4.478e-10 4.478e-10
8.180 6.392e-10 6.392e-10 6.392e-10 6.392e-10 6.392e-10 6.392e-10 6.392e-10 6.018e-10 5.725e-10 5.540e-10 5.448e-10 5.395e-10 5.330e-10 5.206e-10 4.984e-10 4.718e-10 4.514e-10 4.373e-10 4.276e-10 4.276e-10 4.276e-10 4.276e-10 4.276e-10 4.276e-10
8.200 5.654e-10 5.654e-10 5.654e-10 5.654e-10 5.654e-10 5.654e-10 5.654e-10 5.445e-10 5.290e-10 5.213e-10 5.201e-10 5.206e-10 5.179e-10 5.069e-10 4.842e-10 4.557e-10 4.330e-10 4.168e-10 4.053e-10 4.053e-10 4.053e-10 4.053e-10 4.053e-10 4.053e-10
8.220 5.117e-10 5.117e-10 5.117e-10 5.117e-10 5.117e-10 5.117e-10 5.117e-10 4.988e-10 4.902e-10 4.883e-10 4.920e-10 4.964e-10 4.967e-10 4.878e-10 4.659e-10 4.383e-10 4.177e-10 4.024e-10 3.885e-10 3.885e-10 3.885e-10 3.885e-10 3.885e-10 3.885e-10
8.240 4.890e-10 4.890e-10 4.890e-10 4.890e-10 4.890e-10 4.890e-10 4.890e-10 4.789e-10 4.710e-10 4.666e-10 4.649e-10 4.638e-10 4.610e-10 4.541e-10 4.414e-10 4.248e-10 4.091e-10 3.936e-10 3.772e-10 3.772e-10 3.772e-10 3.772e-10 3.772e-10 3.772e-10
8.260 4.834e-10 4.834e-10 4.834e-10 4.834e-10 4.834e-10 4.834e-10 4.834e-10 4.738e-10 4.641e-10 4.543e-10 4.443e-10 4.346e-10 4.255e-10 4.173e-10 4.102e-10 4.037e-10 3.963e-10 3.849e-10 3.678e-10 3.678e-10 3.678e-10 3.678e-10 3.678e-10 3.678e-10
8.280 4.746e-10 4.746e-10 4.746e-10 4.746e-10 4.746e-10 4.746e-10 4.746e-10 4.634e-10 4.517e-10 4.388e-10 4.252e-10 4.122e-10 4.007e-10 3.917e-10 3.861e-10 3.821e-10 3.760e-10 3.654e-10 3.495e-10 3.495e-10 3.495e-10 3.495e-10 3.495e-10 3.495e-10
8.300 4.572e-10 4.572e-10 4.572e-10 4.572e-10 4.572e-10 4.572e-10 4.572e-10 4.466e-10 4.359e-10 4.249e-10 4.136e-10 4.020e-10 3.902e-10 3.783e-10 3.662e-10 3.542e-10 3.427e-10 3.319e-10 3.218e-10 3.218e-10 3.218e-10 3.218e-10 3.218e-10 3.218e-10
8.320 4.386e-10 4.386e-10 4.386e-10 4.386e-10 4.386e-10 4.386e-10 4.386e-10 4.282e-10 4.187e-10 4.105e-10 4.032e-10 3.949e-10 3.843e-10 3.699e-10 3.510e-10 3.307e-10 3.140e-10 3.032e-10 2.984e-10 2.984e-10 2.984e-10 2.984e-10 2.984e-10 2.984e-10
8.340 4.228e-10 4.228e-10 4.228e-10 4.228e-10 4.228e-10 4.228e-10 4.228e-10 4.130e-10 4.043e-10 3.971e-10 3.907e-10 3.832e-10 3.728e-10 3.581e-10 3.381e-10 3.166e-10 2.997e-10 2.900e-10 2.877e-10 2.877e-10 2.877e-10 2.877e-10 2.877e-10 2.877e-10
8.360 4.090e-10 4.090e-10 4.090e-10 4.090e-10 4.090e-10 4.090e-10 4.090e-10 4.001e-10 3.920e-10 3.853e-10 3.790e-10 3.715e-10 3.611e-10 3.463e-10 3.263e-10 3.057e-10 2.915e-10 2.839e-10 2.812e-10 2.812e-10 2.812e-10 2.812e-10 2.812e-10 2.812e-10
8.380 3.956e-10 3.956e-10 3.956e-10 3.956e-10 3.956e-10 3.956e-10 3.956e-10 3.871e-10 3.792e-10 3.721e-10 3.651e-10 3.570e-10 3.466e-10 3.326e-10 3.147e-10 2.965e-10 2.838e-10 2.767e-10 2.736e-10 2.736e-10 2.736e-10 2.736e-10 2.736e-10 2.736e-10
8.400 3.848e-10 3.848e-10 3.848e-10 3.848e-10 3.848e-10 3.848e-10 3.848e-10 3.738e-10 3.643e-10 3.571e-10 3.512e-10 3.448e-10 3.356e-10 3.220e-10 3.029e-10 2.838e-10 2.724e-10 2.659e-10 2.607e-10 2.607e-10 2.607e-10 2.607e-10 2.607e-10 2.607e-10
8.420 3.685e-10 3.685e-10 3.685e-10 3.685e-10 3.685e-10 3.685e-10 3.685e-10 3.581e-10 3.494e-10 3.430e-10 3.383e-10 3.328e-10 3.244e-10 3.113e-10 2.923e-10 2.730e-10 2.612e-10 2.544e-10 2.488e-10 2.488e-10 2.488e-10 2.488e-10 2.488e-10 2.488e-10
8.440 3.452e-10 3.452e-10 3.452e-10 3.452e-10 3.452e-10 3.452e-10 3.452e-10 3.394e-10 3.342e-10 3.299e-10 3.256e-10 3.199e-10 3.112e-10 2.983e-10 2.804e-10 2.625e-10 2.512e-10 2.445e-10 2.395e-10 2.395e-10 2.395e-10 2.395e-10 2.395e-10 2.395e-10
8.460 3.206e-10 3.206e-10 3.206e-10 3.206e-10 3.206e-10 3.206e-10 3.206e-10 3.190e-10 3.172e-10 3.153e-10 3.124e-10 3.076e-10 2.997e-10 2.877e-10 2.714e-10 2.546e-10 2.429e-10 2.361e-10 2.329e-10 2.329e-10 2.329e-10 2.329e-10 2.329e-10 2.329e-10
8.480 3.018e-10 3.018e-10 3.018e-10 3.018e-10 3.018e-10 3.018e-10 3.018e-10 3.000e-10 2.985e-10 2.975e-10 2.964e-10 2.937e-10 2.878e-10 2.776e-10 2.624e-10 2.459e-10 2.340e-10 2.270e-10 2.237e-10 2.237e-10 2.237e-10 2.237e-10 2.237e-10 2.237e-10
8.500 2.906e-10 2.906e-10 2.906e-10 2.906e-10 2.906e-10 2.906e-10 2.906e-10 2.848e-10 2.807e-10 2.790e-10 2.790e-10 2.787e-10 2.756e-10 2.677e-10 2.536e-10 2.375e-10 2.262e-10 2.192e-10 2.148e-10 2.148e-10 2.148e-10 2.148e-10 2.148e-10 2.148e-10
8.520 2.817e-10 2.817e-10 2.817e-10 2.817e-10 2.817e-10 2.817e-10 2.817e-10 2.719e-10 2.650e-10 2.621e-10 2.627e-10 2.638e-10 2.626e-10 2.564e-10 2.431e-10 2.275e-10 2.175e-10 2.117e-10 2.073e-10 2.073e-10 2.073e-10 2.073e-10 2.073e-10 2.073e-10
8.540 2.727e-10 2.727e-10 2.727e-10 2.727e-10 2.727e-10 2.727e-10 2.727e-10 2.656e-10 2.601e-10 2.568e-10 2.552e-10 2.536e-10 2.502e-10 2.434e-10 2.321e-10 2.188e-10 2.083e-10 2.016e-10 1.985e-10 1.985e-10 1.985e-10 1.985e-10 1.985e-10 1.985e-10
8.560 2.646e-10 2.646e-10 2.646e-10 2.646e-10 2.646e-10 2.646e-10 2.646e-10 2.608e-10 2.566e-10 2.517e-10 2.461e-10 2.399e-10 2.330e-10 2.258e-10 2.181e-10 2.095e-10 1.998e-10 1.929e-10 1.918e-10 1.918e-10 1.918e-10 1.918e-10 1.918e-10 1.918e-10
8.580 2.545e-10 2.545e-10 2.545e-10 2.545e-10 2.545e-10 2.545e-10 2.545e-10 2.534e-10 2.508e-10 2.456e-10 2.380e-10 2.292e-10 2.204e-10 2.125e-10 2.062e-10 1.997e-10 1.907e-10 1.837e-10 1.832e-10 1.832e-10 1.832e-10 1.832e-10 1.832e-10 1.832e-10
8.600 2.432e-10 2.432e-10 2.432e-10 2.432e-10 2.432e-10 2.432e-10 2.432e-10 2.416e-10 2.384e-10 2.326e-10 2.245e-10 2.153e-10 2.065e-10 1.990e-10 1.938e-10 1.896e-10 1.842e-10 1.791e-10 1.758e-10 1.758e-10 1.758e-10 1.758e-10 1.758e-10 1.758e-10
8.620 2.297e-10 2.297e-10 2.297e-10 2.297e-10 2.297e-10 2.297e-10 2.297e-10 2.281e-10 2.252e-10 2.201e-10 2.131e-10 2.052e-10 1.973e-10 1.901e-10 1.843e-10 1.799e-10 1.760e-10 1.722e-10 1.683e-10 1.683e-10 1.683e-10 1.683e-10 1.683e-10 1.683e-10
8.640 2.141e-10 2.141e-10 2.141e-10 2.141e-10 2.141e-10 2.141e-10 2.141e-10 2.132e-10 2.109e-10 2.064e-10 1.999e-10 1.925e-10 1.855e-10 1.797e-10 1.759e-10 1.730e-10 1.690e-10 1.648e-10 1.618e-10 1.618e-10 1.618e-10 1.618e-10 1.618e-10 1.618e-10
8.660 1.969e-10 1.969e-10 1.969e-10 1.969e-10 1.969e-10 1.969e-10 1.969e-10 1.971e-10 1.961e-10 1.931e-10 1.883e-10 1.826e-10 1.770e-10 1.724e-10 1.694e-10 1.664e-10 1.608e-10 1.562e-10 1.560e-10 1.560e-10 1.560e-10 1.560e-10 1.560e-10 1.560e-10
8.680 1.860e-10 1.860e-10 1.860e-10 1.860e-10 1.860e-10 1.860e-10 1.860e-10 1.853e-10 1.837e-10 1.805e-10 1.760e-10 1.712e-10 1.671e-10 1.646e-10 1.643e-10 1.629e-10 1.556e-10 1.495e-10 1.509e-10 1.509e-10 1.509e-10 1.509e-10 1.509e-10 1.509e-10
8.700 1.807e-10 1.807e-10 1.807e-10 1.807e-10 1.807e-10 1.807e-10 1.807e-10 1.776e-10 1.740e-10 1.694e-10 1.644e-10 1.601e-10 1.574e-10 1.573e-10 1.607e-10 1.621e-10 1.540e-10 1.457e-10 1.463e-10 1.463e-10 1.463e-10 1.463e-10 1.463e-10 1.463e-10
8.720 1.752e-10 1.752e-10 1.752e-10 1.752e-10 1.752e-10 1.752e-10 1.752e-10 1.707e-10 1.662e-10 1.618e-10 1.577e-10 1.545e-10 1.527e-10 1.529e-10 1.554e-10 1.560e-10 1.488e-10 1.414e-10 1.411e-10 1.411e-10 1.411e-10 1.411e-10 1.411e-10 1.411e-10
8.740 1.683e-10 1.683e-10 1.683e-10 1.683e-10 1.683e-10 1.683e-10 1.683e-10 1.636e-10 1.598e-10 1.574e-10 1.563e-10 1.555e-10 1.544e-10 1.519e-10 1.476e-10 1.425e-10 1.387e-10 1.359e-10 1.337e-10 1.337e-10 1.337e-10 1.337e-10 1.337e-10 1.337e-10
8.760 1.610e-10 1.610e-10 1.610e-10 1.610e-10 1.610e-10 1.610e-10 1.610e-10 1.573e-10 1.552e-10 1.556e-10 1.579e-10 1.597e-10 1.584e-10 1.517e-10 1.383e-10 1.267e-10 1.271e-10 1.307e-10 1.270e-10 1.270e-10 1.270e-10 1.270e-10 1.270e-10 1.270e-10
8.780 1.549e-10 1.549e-10 1.549e-10 1.549e-10 1.549e-10 1.549e-10 1.549e-10 1.521e-10 1.505e-10 1.509e-10 1.527e-10 1.537e-10 1.518e-10 1.451e-10 1.328e-10 1.224e-10 1.231e-10 1.268e-10 1.236e-10 1.236e-10 1.236e-10 1.236e-10 1.236e-10 1.236e-10
8.800 1.501e-10 1.501e-10 1.501e-10 1.501e-10 1.501e-10 1.501e-10 1.501e-10 1.467e-10 1.437e-10 1.414e-10 1.397e-10 1.382e-10 1.364e-10 1.340e-10 1.307e-10 1.272e-10 1.249e-10 1.236e-10 1.230e-10 1.230e-10 1.230e-10 1.230e-10 1.230e-10 1.230e-10
8.820 1.449e-10 1.449e-10 1.449e-10 1.449e-10 1.449e-10 1.449e-10 1.449e-10 1.419e-10 1.385e-10 1.345e-10 1.302e-10 1.266e-10 1.247e-10 1.253e-10 1.292e-10 1.321e-10 1.273e-10 1.216e-10 1.220e-10 1.220e-10 1.220e-10 1.220e-10 1.220e-10 1.220e-10
8.840 1.385e-10 1.385e-10 1.385e-10 1.385e-10 1.385e-10 1.385e-10 1.385e-10 1.359e-10 1.328e-10 1.287e-10 1.243e-10 1.206e-10 1.188e-10 1.199e-10 1.251e-10 1.292e-10 1.239e-10 1.170e-10 1.166e-10 1.166e-10 1.166e-10 1.166e-10 1.166e-10 1.166e-10
8.860 1.315e-10 1.315e-10 1.315e-10 1.315e-10 1.315e-10 1.315e-10 1.315e-10 1.298e-10 1.277e-10 1.251e-10 1.221e-10 1.196e-10 1.180e-10 1.181e-10 1.204e-10 1.219e-10 1.180e-10 1.125e-10 1.097e-10 1.097e-10 1.097e-10 1.097e-10 1.097e-10 1.097e-10
8.880 1.241e-10 1.241e-10 1.241e-10 1.241e-10 1.241e-10 1.241e-10 1.241e-10 1.228e-10 1.215e-10 1.199e-10 1.183e-10 1.169e-10 1.158e-10 1.154e-10 1.158e-10 1.154e-10 1.122e-10 1.078e-10 1.043e-10 1.043e-10 1.043e-10 1.043e-10 1.043e-10 1.043e-10
8.900 1.174e-10 1.174e-10 1.174e-10 1.174e-10 1.174e-10 1.174e-10 1.174e-10 1.161e-10 1.148e-10 1.136e-10 1.123e-10 1.113e-10 1.106e-10 1.105e-10 1.109e-10 1.106e-10 1.075e-10 1.037e-10 1.011e-10 1.011e-10 1.011e-10 1.011e-10 1.011e-10 1.011e-10
8.920 1.090e-10 1.090e-10 1.090e-10 1.090e-10 1.090e-10 1.090e-10 1.090e-10 1.087e-10 1.083e-10 1.077e-10 1.070e-10 1.063e-10 1.059e-10 1.059e-10 1.063e-10 1.060e-10 1.033e-10 1.002e-10 9.889e-11 9.889e-11 9.889e-11 9.889e-11 9.889e-11 9.889e-11
8.940 9.912e-11 9.912e-11 9.912e-11 9.912e-11 9.912e-11 9.912e-11 9.912e-11 1.006e-10 1.017e-10 1.023e-10 1.023e-10 1.021e-10 1.019e-10 1.019e-10 1.023e-10 1.020e-10 9.926e-11 9.635e-11 9.564e-11 9.564e-11 9.564e-11 9.564e-11 9.564e-11 9.564e-11
8.960 9.267e-11 9.267e-11 9.267e-11 9.267e-11 9.267e-11 9.267e-11 9.267e-11 9.510e-11 9.707e-11 9.821e-11 9.851e-11 9.835e-11 9.814e-11 9.829e-11 9.912e-11 9.903e-11 9.574e-11 9.230e-11 9.176e-11 9.176e-11 9.176e-11 9.176e-11 9.176e-11 9.176e-11
8.980 9.858e-11 9.858e-11 9.858e-11 9.858e-11 9.858e-11 9.858e-11 9.858e-11 9.483e-11 9.202e-11 9.057e-11 9.053e-11 9.157e-11 9.340e-11 9.570e-11 9.807e-11 9.774e-11 9.191e-11 8.643e-11 8.642e-11 8.642e-11 8.642e-11 8.642e-11 8.642e-11 8.642e-11
9.000 1.150e-10 1.150e-10 1.150e-10 1.150e-10 1.150e-10 1.150e-10 1.150e-10 9.971e-11 8.907e-11 8.349e-11 8.237e-11 8.433e-11 8.832e-11 9.324e-11 9.767e-11 9.721e-11 8.835e-11 8.049e-11 8.098e-11 8.098e-11 8.098e-11 8.098e-11 8.098e-11 8.098e-11
9.020 1.259e-10 1.259e-10 1.259e-10 1.259e-10 1.259e-10 1.259e-10 1.259e-10 1.069e-10 9.379e-11 8.670e-11 8.460e-11 8.561e-11 8.816e-11 9.068e-11 9.149e-11 9.060e-11 8.936e-11 8.760e-11 8.494e-11 8.494e-11 8.494e-11 8.494e-11 8.494e-11 8.494e-11
9.040 1.222e-10 1.222e-10 1.222e-10 1.222e-10 1.222e-10 1.222e-10 1.222e-10 1.166e-10 1.118e-10 1.078e-10 1.043e-10 1.002e-10 9.452e-11 8.670e-11 7.694e-11 7.496e-11 9.381e-11 1.144e-10 1.016e-10 1.016e-10 1.016e-10 1.016e-10 1.016e-10 1.016e-10
9.060 1.058e-10 1.058e-10 1.058e-10 1.058e-10 1.058e-10 1.058e-10 1.058e-10 1.179e-10 1.281e-10 1.339e-10 1.328e-10 1.243e-10 1.089e-10 8.882e-11 6.763e-11 6.243e-11 9.609e-11 1.443e-10 1.194e-10 1.194e-10 1.194e-10 1.194e-10 1.194e-10 1.194e-10
9.080 9.061e-11 9.061e-11 9.061e-11 9.061e-11 9.061e-11 9.061e-11 9.061e-11 1.062e-10 1.213e-10 1.328e-10 1.381e-10 1.357e-10 1.256e-10 1.091e-10 8.936e-11 8.308e-11 1.100e-10 1.412e-10 1.170e-10 1.170e-10 1.170e-10 1.170e-10 1.170e-10 1.170e-10
9.100 8.049e-11 8.049e-11 8.049e-11 8.049e-11 8.049e-11 8.049e-11 8.049e-11 8.646e-11 9.373e-11 1.031e-10 1.147e-10 1.268e-10 1.373e-10 1.432e-10 1.417e-10 1.325e-10 1.188e-10 1.057e-10 9.623e-11 9.623e-11 9.623e-11 9.623e-11 9.623e-11 9.623e-11
9.120 7.379e-11 7.379e-11 7.379e-11 7.379e-11 7.379e-11 7.379e-11 7.379e-11 6.963e-11 6.894e-11 7.386e-11 8.557e-11 1.038e-10 1.274e-10 1.528e-10 1.726e-10 1.594e-10 1.060e-10 7.263e-11 7.394e-11 7.394e-11 7.394e-11 7.394e-11 7.394e-11 7.394e-11
9.140 7.167e-11 7.167e-11 7.167e-11 7.167e-11 7.167e-11 7.167e-11 7.167e-11 6.431e-11 6.094e-11 6.315e-11 7.163e-11 8.592e-11 1.051e-10 1.266e-10 1.442e-10 1.341e-10 8.924e-11 6.165e-11 6.451e-11 6.451e-11 6.451e-11 6.451e-11 6.451e-11 6.451e-11
9.160 7.219e-11 7.219e-11 7.219e-11 7.219e-11 7.219e-11 7.219e-11 7.219e-11 6.674e-11 6.345e-11 6.315e-11 6.580e-11 7.051e-11 7.625e-11 8.168e-11 8.497e-11 8.231e-11 7.201e-11 6.380e-11 6.413e-11 6.413e-11 6.413e-11 6.413e-11 6.413e-11 6.413e-11
9.180 6.781e-11 6.781e-11 6.781e-11 6.781e-11 6.781e-11 6.781e-11 6.781e-11 6.554e-11 6.349e-11 6.174e-11 6.029e-11 5.905e-11 5.795e-11 5.693e-11 5.596e-11 5.632e-11 5.961e-11 6.301e-11 6.293e-11 6.293e-11 6.293e-11 6.293e-11 6.293e-11 6.293e-11
9.200 5.728e-11 5.728e-11 5.728e-11 5.728e-11 5.728e-11 5.728e-11 5.728e-11 5.818e-11 5.872e-11 5.866e-11 5.804e-11 5.726e-11 5.668e-11 5.667e-11 5.755e-11 5.848e-11 5.801e-11 5.750e-11 5.853e-11 5.853e-11 5.853e-11 5.853e-11 5.853e-11 5.853e-11
9.220 5.125e-11 5.125e-11 5.125e-11 5.125e-11 5.125e-11 5.125e-11 5.125e-11 5.238e-11 5.326e-11 5.373e-11 5.385e-11 5.396e-11 5.444e-11 5.566e-11 5.795e-11 5.940e-11 5.713e-11 5.483e-11 5.619e-11 5.619e-11 5.619e-11 5.619e-11 5.619e-11 5.619e-11
9.240 5.345e-11 5.345e-11 5.345e-11 5.345e-11 5.345e-11 5.345e-11 5.345e-11 5.461e-11 5.509e-11 5.443e-11 5.289e-11 5.138e-11 5.078e-11 5.194e-11 5.571e-11 5.771e-11 5.136e-11 4.546e-11 4.712e-11 4.712e-11 4.712e-11 4.712e-11 4.712e-11 4.712e-11
9.260 5.852e-11 5.852e-11 5.852e-11 5.852e-11 5.852e-11 5.852e-11 5.852e-11 5.912e-11 5.870e-11 5.668e-11 5.355e-11 5.072e-11 4.937e-11 5.063e-11 5.578e-11 5.940e-11 5.230e-11 4.511e-11 4.628e-11 4.628e-11 4.628e-11 4.628e-11 4.628e-11 4.628e-11
9.280 4.592e-11 4.592e-11 4.592e-11 4.592e-11 4.592e-11 4.592e-11 4.592e-11 4.967e-11 5.149e-11 4.983e-11 4.569e-11 4.207e-11 4.129e-11 4.584e-11 6.060e-11 8.082e-11 8.176e-11 7.155e-11 6.583e-11 6.583e-11 6.583e-11 6.583e-11 6.583e-11 6.583e-11
9.300 4.303e-11 4.303e-11 4.303e-11 4.303e-11 4.303e-11 4.303e-11 4.303e-11 4.534e-11 4.773e-11 5.016e-11 5.229e-11 5.346e-11 5.297e-11 5.026e-11 4.528e-11 4.126e-11 4.194e-11 4.446e-11 4.506e-11 4.506e-11 4.506e-11 4.506e-11 4.506e-11 4.506e-11
9.320 4.080e-11 4.080e-11 4.080e-11 4.080e-11 4.080e-11 4.080e-11 4.080e-11 4.234e-11 4.388e-11 4.538e-11 4.657e-11 4.695e-11 4.601e-11 4.337e-11 3.904e-11 3.600e-11 3.769e-11 4.109e-11 4.192e-11 4.192e-11 4.192e-11 4.192e-11 4.192e-11 4.192e-11
9.340 4.076e-11 4.076e-11 4.076e-11 4.076e-11 4.076e-11 4.076e-11 4.076e-11 3.966e-11 3.897e-11 3.891e-11 3.936e-11 3.985e-11 3.989e-11 3.900e-11 3.686e-11 3.540e-11 3.725e-11 3.992e-11 3.997e-11 3.997e-11 3.997e-11 3.997e-11 3.997e-11 3.997e-11
9.360 4.128e-11 4.128e-11 4.128e-11 4.128e-11 4.128e-11 4.128e-11 4.128e-11 4.010e-11 3.925e-11 3.892e-11 3.899e-11 3.906e-11 3.872e-11 3.757e-11 3.539e-11 3.383e-11 3.507e-11 3.704e-11 3.699e-11 3.699e-11 3.699e-11 3.699e-11 3.699e-11 3.699e-11
9.380 3.580e-11 3.580e-11 3.580e-11 3.580e-11 3.580e-11 3.580e-11 3.580e-11 3.693e-11 3.782e-11 3.827e-11 3.820e-11 3.768e-11 3.680e-11 3.564e-11 3.426e-11 3.217e-11 2.913e-11 2.763e-11 2.965e-11 2.965e-11 2.965e-11 2.965e-11 2.965e-11 2.965e-11
9.400 3.196e-11 3.196e-11 3.196e-11 3.196e-11 3.196e-11 3.196e-11 3.196e-11 3.202e-11 3.277e-11 3.471e-11 3.761e-11 4.018e-11 4.072e-11 3.768e-11 3.084e-11 2.524e-11 2.536e-11 2.830e-11 3.031e-11 3.031e-11 3.031e-11 3.031e-11 3.031e-11 3.031e-11
9.420 3.031e-11 3.031e-11 3.031e-11 3.031e-11 3.031e-11 3.031e-11 3.031e-11 3.059e-11 3.121e-11 3.239e-11 3.398e-11 3.531e-11 3.560e-11 3.411e-11 3.051e-11 2.719e-11 2.698e-11 2.839e-11 2.942e-11 2.942e-11 2.942e-11 2.942e-11 2.942e-11 2.942e-11
9.440 2.877e-11 2.877e-11 2.877e-11 2.877e-11 2.877e-11 2.877e-11 2.877e-11 2.855e-11 2.814e-11 2.746e-11 2.669e-11 2.629e-11 2.668e-11 2.840e-11 3.211e-11 3.503e-11 3.199e-11 2.795e-11 2.740e-11 2.740e-11 2.740e-11 2.740e-11 2.740e-11 2.740e-11
9.460 2.753e-11 2.753e-11 2.753e-11 2.753e-11 2.753e-11 2.753e-11 2.753e-11 2.811e-11 2.844e-11 2.833e-11 2.795e-11 2.780e-11 2.838e-11 3.028e-11 3.421e-11 3.681e-11 3.232e-11 2.702e-11 2.580e-11 2.580e-11 2.580e-11 2.580e-11 2.580e-11 2.580e-11
9.480 2.676e-11 2.676e-11 2.676e-11 2.676e-11 2.676e-11 2.676e-11 2.676e-11 2.879e-11 3.087e-11 3.291e-11 3.474e-11 3.609e-11 3.665e-11 3.616e-11 3.445e-11 3.187e-11 2.918e-11 2.717e-11 2.627e-11 2.627e-11 2.627e-11 2.627e-11 2.627e-11 2.627e-11
9.500 2.836e-11 2.836e-11 2.836e-11 2.836e-11 2.836e-11 2.836e-11 2.836e-11 2.827e-11 2.872e-11 3.011e-11 3.228e-11 3.437e-11 3.524e-11 3.373e-11 2.941e-11 2.613e-11 2.824e-11 3.252e-11 3.371e-11 3.371e-11 3.371e-11 3.371e-11 3.371e-11 3.371e-11
9.520 2.854e-11 2.854e-11 2.854e-11 2.854e-11 2.854e-11 2.854e-11 2.854e-11 2.622e-11 2.473e-11 2.434e-11 2.488e-11 2.574e-11 2.623e-11 2.562e-11 2.348e-11 2.262e-11 2.713e-11 3.411e-11 3.675e-11 3.675e-11 3.675e-11 3.675e-11 3.675e-11 3.675e-11
9.540 2.412e-11 2.412e-11 2.412e-11 2.412e-11 2.412e-11 2.412e-11 2.412e-11 2.345e-11 2.256e-11 2.132e-11 1.993e-11 1.885e-11 1.842e-11 1.902e-11 2.114e-11 2.367e-11 2.393e-11 2.327e-11 2.374e-11 2.374e-11 2.374e-11 2.374e-11 2.374e-11 2.374e-11
9.560 2.129e-11 2.129e-11 2.129e-11 2.129e-11 2.129e-11 2.129e-11 2.129e-11 2.138e-11 2.093e-11 1.968e-11 1.795e-11 1.651e-11 1.592e-11 1.675e-11 1.985e-11 2.303e-11 2.097e-11 1.782e-11 1.752e-11 1.752e-11 1.752e-11 1.752e-11 1.752e-11 1.752e-11
9.580 2.077e-11 2.077e-11 2.077e-11 2.077e-11 2.077e-11 2.077e-11 2.077e-11 2.002e-11 1.922e-11 1.835e-11 1.751e-11 1.690e-11 1.671e-11 1.713e-11 1.840e-11 1.983e-11 1.994e-11 1.959e-11 1.992e-11 1.992e-11 1.992e-11 1.992e-11 1.992e-11 1.992e-11
9.600 2.036e-11 2.036e-11 2.036e-11 2.036e-11 2.036e-11 2.036e-11 2.036e-11 1.938e-11 1.841e-11 1.743e-11 1.652e-11 1.586e-11 1.559e-11 1.589e-11 1.696e-11 1.842e-11 1.936e-11 1.989e-11 2.044e-11 2.044e-11 2.044e-11 2.044e-11 2.044e-11 2.044e-11
9.620 1.966e-11 1.966e-11 1.966e-11 1.966e-11 1.966e-11 1.966e-11 1.966e-11 1.883e-11 1.775e-11 1.632e-11 1.478e-11 1.355e-11 1.298e-11 1.338e-11 1.521e-11 1.780e-11 1.881e-11 1.866e-11 1.859e-11 1.859e-11 1.859e-11 1.859e-11 1.859e-11 1.859e-11
9.640 1.873e-11 1.873e-11 1.873e-11 1.873e-11 1.873e-11 1.873e-11 1.873e-11 1.830e-11 1.755e-11 1.632e-11 1.487e-11 1.368e-11 1.313e-11 1.357e-11 1.551e-11 1.801e-11 1.826e-11 1.726e-11 1.678e-11 1.678e-11 1.678e-11 1.678e-11 1.678e-11 1.678e-11
9.660 1.763e-11 1.763e-11 1.763e-11 1.763e-11 1.763e-11 1.763e-11 1.763e-11 1.712e-11 1.608e-11 1.433e-11 1.230e-11 1.073e-11 1.002e-11 1.060e-11 1.330e-11 1.717e-11 1.779e-11 1.648e-11 1.606e-11 1.606e-11 1.606e-11 1.606e-11 1.606e-11 1.606e-11
9.680 1.705e-11 1.705e-11 1.705e-11 1.705e-11 1.705e-11 1.705e-11 1.705e-11 1.706e-11 1.670e-11 1.579e-11 1.454e-11 1.346e-11 1.293e-11 1.332e-11 1.513e-11 1.716e-11 1.651e-11 1.501e-11 1.482e-11 1.482e-11 1.482e-11 1.482e-11 1.482e-11 1.482e-11
9.700 1.746e-11 1.746e-11 1.746e-11 1.746e-11 1.746e-11 1.746e-11 1.746e-11 2.022e-11 2.416e-11 3.033e-11 3.890e-11 4.720e-11 5.007e-11 4.291e-11 2.778e-11 1.689e-11 1.421e-11 1.470e-11 1.519e-11 1.519e-11 1.519e-11 1.519e-11 1.519e-11 1.519e-11
9.720 1.559e-11 1.559e-11 1.559e-11 1.559e-11 1.559e-11 1.559e-11 1.559e-11 1.208e-11 1.176e-11 1.653e-11 3.027e-11 5.047e-11 5.300e-11 2.423e-11 3.594e-12 7.748e-13 2.492e-12 1.897e-11 3.439e-11 3.439e-11 3.439e-11 3.439e-11 3.439e-11 3.439e-11
9.740 1.369e-11 1.369e-11 1.369e-11 1.369e-11 1.369e-11 1.369e-11 1.369e-11 1.326e-11 1.257e-11 1.150e-11 1.030e-11 9.424e-12 9.189e-12 9.975e-12 1.249e-11 1.558e-11 1.519e-11 1.323e-11 1.240e-11 1.240e-11 1.240e-11 1.240e-11 1.240e-11 1.240e-11
9.760 1.319e-11 1.319e-11 1.319e-11 1.319e-11 1.319e-11 1.319e-11 1.319e-11 1.294e-11 1.217e-11 1.067e-11 8.904e-12 7.596e-12 7.123e-12 7.897e-12 1.100e-11 1.532e-11 1.462e-11 1.201e-11 1.153e-11 1.153e-11 1.153e-11 1.153e-11 1.153e-11 1.153e-11
9.780 1.246e-11 1.246e-11 1.246e-11 1.246e-11 1.246e-11 1.246e-11 1.246e-11 1.222e-11 1.148e-11 1.008e-11 8.453e-12 7.270e-12 6.903e-12 7.787e-12 1.109e-11 1.559e-11 1.445e-11 1.145e-11 1.089e-11 1.089e-11 1.089e-11 1.089e-11 1.089e-11 1.089e-11
9.800 1.195e-11 1.195e-11 1.195e-11 1.195e-11 1.195e-11 1.195e-11 1.195e-11 1.185e-11 1.125e-11 9.941e-12 8.365e-12 7.206e-12 6.849e-12 7.742e-12 1.107e-11 1.549e-11 1.402e-11 1.091e-11 1.052e-11 1.052e-11 1.052e-11 1.052e-11 1.052e-11 1.052e-11
9.820 1.160e-11 1.160e-11 1.160e-11 1.160e-11 1.160e-11 1.160e-11 1.160e-11 1.124e-11 1.041e-11 8.958e-12 7.346e-12 6.212e-12 5.877e-12 6.749e-12 1.006e-11 1.473e-11 1.347e-11 1.039e-11 1.000e-11 1.000e-11 1.000e-11 1.000e-11 1.000e-11 1.000e-11
9.840 1.167e-11 1.167e-11 1.167e-11 1.167e-11 1.167e-11 1.167e-11 1.167e-11 1.151e-11 1.080e-11 9.331e-12 7.616e-12 6.379e-12 5.971e-12 6.805e-12 1.014e-11 1.486e-11 1.351e-11 1.035e-11 9.930e-12 9.930e-12 9.930e-12 9.930e-12 9.930e-12 9.930e-12
9.860 1.169e-11 1.169e-11 1.169e-11 1.169e-11 1.169e-11 1.169e-11 1.169e-11 1.226e-11 1.289e-11 1.359e-11 1.431e-11 1.493e-11 1.527e-11 1.516e-11 1.450e-11 1.352e-11 1.268e-11 1.227e-11 1.243e-11 1.243e-11 1.243e-11 1.243e-11 1.243e-11 1.243e-11
9.880 1.071e-11 1.071e-11 1.071e-11 1.071e-11 1.071e-11 1.071e-11 1.071e-11 1.153e-11 1.334e-11 1.733e-11 2.430e-11 3.245e-11 3.626e-11 2.979e-11 1.615e-11 8.615e-12 8.841e-12 1.212e-11 1.337e-11 1.337e-11 1.337e-11 1.337e-11 1.337e-11 1.337e-11
9.900 7.521e-12 7.521e-12 7.521e-12 7.521e-12 7.521e-12 7.521e-12 7.521e-12 7.311e-12 6.703e-12 5.591e-12 4.378e-12 3.561e-12 3.340e-12 4.009e-12 6.717e-12 1.113e-11 1.034e-11 7.480e-12 6.599e-12 6.599e-12 6.599e-12 6.599e-12 6.599e-12 6.599e-12
9.920 7.493e-12 7.493e-12 7.493e-12 7.493e-12 7.493e-12 7.493e-12 7.493e-12 7.275e-12 6.620e-12 5.426e-12 4.147e-12 3.303e-12 3.076e-12 3.758e-12 6.622e-12 1.159e-11 1.087e-11 7.742e-12 6.794e-12 6.794e-12 6.794e-12 6.794e-12 6.794e-12 6.794e-12
9.940 8.210e-12 8.210e-12 8.210e-12 8.210e-12 8.210e-12 8.210e-12 8.210e-12 7.653e-12 6.724e-12 5.371e-12 4.043e-12 3.205e-12 2.998e-12 3.710e-12 6.674e-12 1.183e-11 1.091e-11 7.611e-12 6.668e-12 6.668e-12 6.668e-12 6.668e-12 6.668e-12 6.668e-12
9.960 8.246e-12 8.246e-12 8.246e-12 8.246e-12 8.246e-12 8.246e-12 8.246e-12 8.068e-12 7.560e-12 6.606e-12 5.471e-12 4.568e-12 4.096e-12 4.203e-12 5.219e-12 6.879e-12 7.521e-12 7.238e-12 6.893e-12 6.893e-12 6.893e-12 6.893e-12 6.893e-12 6.893e-12
9.980 7.465e-12 7.465e-12 7.465e-12 7.465e-12 7.465e-12 7.465e-12 7.465e-12 7.344e-12 7.153e-12 6.854e-12 6.434e-12 5.906e-12 5.293e-12 4.623e-12 3.970e-12 4.310e-12 8.066e-12 1.609e-11 2.026e-11 2.026e-11 2.026e-11 2.026e-11 2.026e-11 2.026e-11
10.000 7.694e-12 7.694e-12 7.694e-12 7.694e-12 7.694e-12 7.694e-12 7.694e-12 8.940e-12 1.160e-11 1.801e-11 3.123e-11 4.905e-11 5.629e-11 3.803e-11 1.262e-11 3.868e-12 3.098e-12 3.167e-12 1.657e-12 1.657e-12 1.657e-12 1.657e-12 1.657e-12 1.657e-12
10.020 4.113e-12 4.113e-12 4.113e-12 4.113e-12 4.113e-12 4.113e-12 4.113e-12 3.771e-12 3.256e-12 2.554e-12 1.900e-12 1.519e-12 1.485e-12 2.017e-12 4.234e-12 8.698e-12 8.277e-12 5.555e-12 4.700e-12 4.700e-12 4.700e-12 4.700e-12 4.700e-12 4.700e-12
10.040 4.908e-12 4.908e-12 4.908e-12 4.908e-12 4.908e-12 4.908e-12 4.908e-12 4.637e-12 3.863e-12 2.627e-12 1.563e-12 1.016e-12 9.066e-13 1.396e-12 4.480e-12 1.380e-11 1.148e-11 5.531e-12 4.329e-12 4.329e-12 4.329e-12 4.329e-12 4.329e-12 4.329e-12
10.060 6.288e-12 6.288e-12 6.288e-12 6.288e-12 6.288e-12 6.288e-12 6.288e-12 5.739e-12 4.923e-12 3.819e-12 2.756e-12 2.038e-12 1.707e-12 1.790e-12 2.567e-12 4.247e-12 5.713e-12 6.283e-12 6.198e-12 6.198e-12 6.198e-12 6.198e-12 6.198e-12 6.198e-12
10.080 6.529e-12 6.529e-12 6.529e-12 6.529e-12 6.529e-12 6.529e-12 6.529e-12 6.431e-12 7.092e-12 9.390e-12 1.404e-11 1.946e-11 2.043e-11 1.327e-11 4.537e-12 1.911e-12 3.707e-12 1.189e-11 1.748e-11 1.748e-11 1.748e-11 1.748e-11 1.748e-11 1.748e-11
10.100 5.104e-12 5.104e-12 5.104e-12 5.104e-12 5.104e-12 5.104e-12 5.104e-12 5.712e-12 7.013e-12 9.995e-12 1.563e-11 2.258e-11 2.522e-11 1.822e-11 7.324e-12 2.655e-12 2.028e-12 2.360e-12 2.495e-12 2.495e-12 2.495e-12 2.495e-12 2.495e-12 2.495e-12
10.120 2.340e-12 2.340e-12 2.340e-12 2.340e-12 2.340e-12 2.340e-12 2.340e-12 2.336e-12 2.105e-12 1.606e-12 1.110e-12 8.507e-13 8.888e-13 1.558e-12 5.405e-12 1.578e-11 1.011e-11 3.699e-12 2.639e-12 2.639e-12 2.639e-12 2.639e-12 2.639e-12 2.639e-12
10.140 3.277e-12 3.277e-12 3.277e-12 3.277e-12 3.277e-12 3.277e-12 3.277e-12 2.758e-12 1.992e-12 1.121e-12 5.288e-13 2.663e-13 1.840e-13 2.241e-13 5.994e-13 2.077e-12 3.430e-12 3.332e-12 2.977e-12 2.977e-12 2.977e-12 2.977e-12 2.977e-12 2.977e-12
