 7.18 2.000e+00 2.000e+00 2.000e+00 2.000e+00 2.000e+00 2.000e+00 2.000e+00 2.000e+00 2.000e+00 2.000e+00 2.000e+00 2.000e+00 2.000e+00 2.000e+00 2.000e+00 2.000e+00 2.000e+00 2.000e+00 2.000e+00 2.000e+00 2.000e+00 2.000e+00 2.000e+00 2.000e+00 
 7.20 2.000e+00 2.000e+00 2.000e+00 2.000e+00 2.000e+00 2.000e+00 2.000e+00 2.000e+00 2.000e+00 2.000e+00 2.000e+00 2.000e+00 2.000e+00 2.000e+00 2.000e+00 2.000e+00 2.000e+00 2.000e+00 2.000e+00 2.000e+00 2.000e+00 2.000e+00 2.000e+00 2.000e+00 
 7.22 2.000e+00 2.000e+00 2.000e+00 2.000e+00 2.000e+00 2.000e+00 2.000e+00 2.000e+00 2.000e+00 2.000e+00 2.000e+00 2.000e+00 2.000e+00 2.000e+00 2.000e+00 2.000e+00 2.000e+00 2.000e+00 2.000e+00 2.000e+00 2.000e+00 2.000e+00 2.000e+00 2.000e+00 
 7.24 2.000e+00 2.000e+00 2.000e+00 2.000e+00 2.000e+00 2.000e+00 2.000e+00 2.000e+00 2.000e+00 2.000e+00 2.000e+00 2.000e+00 2.000e+00 2.000e+00 2.000e+00 2.000e+00 2.000e+00 2.000e+00 2.000e+00 2.000e+00 2.000e+00 2.000e+00 2.000e+00 2.000e+00 
 7.26 2.000e+00 2.000e+00 2.000e+00 2.000e+00 2.000e+00 2.000e+00 2.000e+00 2.000e+00 2.000e+00 2.000e+00 2.000e+00 2.000e+00 2.000e+00 2.000e+00 2.000e+00 2.000e+00 2.000e+00 2.000e+00 2.000e+00 2.000e+00 2.000e+00 2.000e+00 2.000e+00 2.000e+00 
 7.28 2.000e+00 2.000e+00 2.000e+00 2.000e+00 2.000e+00 2.000e+00 2.000e+00 2.000e+00 2.000e+00 2.000e+00 2.000e+00 2.000e+00 2.000e+00 2.000e+00 2.000e+00 2.000e+00 2.000e+00 2.000e+00 2.000e+00 2.000e+00 2.000e+00 2.000e+00 2.000e+00 2.000e+00 
 7.30 2.000e+00 2.000e+00 2.000e+00 2.000e+00 2.000e+00 2.000e+00 2.000e+00 2.000e+00 2.000e+00 2.000e+00 2.000e+00 2.000e+00 2.000e+00 2.000e+00 2.000e+00 2.000e+00 2.000e+00 2.000e+00 2.000e+00 2.000e+00 2.000e+00 2.000e+00 2.000e+00 2.000e+00 
 7.32 2.000e+00 2.000e+00 2.000e+00 2.000e+00 2.000e+00 2.000e+00 2.000e+00 2.000e+00 2.000e+00 2.000e+00 2.000e+00 2.000e+00 2.000e+00 2.000e+00 2.000e+00 2.000e+00 2.000e+00 2.000e+00 2.000e+00 2.000e+00 2.000e+00 2.000e+00 2.000e+00 2.000e+00 
 7.34 2.000e+00 2.000e+00 2.000e+00 2.000e+00 2.000e+00 2.000e+00 2.000e+00 2.000e+00 2.000e+00 2.000e+00 2.000e+00 2.000e+00 2.000e+00 2.000e+00 2.000e+00 2.000e+00 2.000e+00 2.000e+00 2.000e+00 2.000e+00 2.000e+00 2.000e+00 2.000e+00 2.000e+00 
 7.36 2.000e+00 2.000e+00 2.000e+00 2.000e+00 2.000e+00 2.000e+00 2.000e+00 2.000e+00 2.000e+00 2.000e+00 2.000e+00 2.000e+00 2.000e+00 2.000e+00 2.000e+00 2.000e+00 2.000e+00 2.000e+00 2.000e+00 2.000e+00 2.000e+00 2.000e+00 2.000e+00 2.000e+00 
 7.38 2.000e+00 2.000e+00 2.000e+00 2.000e+00 2.000e+00 2.000e+00 2.000e+00 2.000e+00 2.000e+00 2.000e+00 2.000e+00 2.000e+00 2.000e+00 2.000e+00 2.000e+00 2.000e+00 2.000e+00 2.000e+00 2.000e+00 2.000e+00 2.000e+00 2.000e+00 2.000e+00 2.000e+00 
 7.40 2.000e+00 2.000e+00 2.000e+00 2.000e+00 2.000e+00 2.000e+00 2.000e+00 2.000e+00 2.000e+00 2.000e+00 2.000e+00 2.000e+00 2.000e+00 2.000e+00 2.000e+00 2.000e+00 2.000e+00 2.000e+00 2.000e+00 2.000e+00 2.000e+00 2.000e+00 2.000e+00 2.000e+00 
 7.42 2.000e+00 2.000e+00 2.000e+00 2.000e+00 2.000e+00 2.000e+00 2.000e+00 2.000e+00 2.000e+00 2.000e+00 2.000e+00 2.000e+00 2.000e+00 2.000e+00 2.000e+00 2.000e+00 2.000e+00 2.000e+00 2.000e+00 2.000e+00 2.000e+00 2.000e+00 2.000e+00 2.000e+00 
 7.44 2.000e+00 2.000e+00 2.000e+00 2.000e+00 2.000e+00 2.000e+00 2.000e+00 2.000e+00 2.000e+00 2.000e+00 2.000e+00 2.000e+00 2.000e+00 2.000e+00 2.000e+00 2.000e+00 2.000e+00 2.000e+00 2.000e+00 2.000e+00 2.000e+00 2.000e+00 2.000e+00 2.000e+00 
 7.46 2.000e+00 2.000e+00 2.000e+00 2.000e+00 2.000e+00 2.000e+00 2.000e+00 2.000e+00 2.000e+00 2.000e+00 2.000e+00 2.000e+00 2.000e+00 2.000e+00 2.000e+00 2.000e+00 2.000e+00 2.000e+00 2.000e+00 2.000e+00 2.000e+00 2.000e+00 2.000e+00 2.000e+00 
 7.48 2.000e+00 2.000e+00 2.000e+00 2.000e+00 2.000e+00 2.000e+00 2.000e+00 2.000e+00 2.000e+00 2.000e+00 2.000e+00 2.000e+00 2.000e+00 2.000e+00 2.000e+00 2.000e+00 2.000e+00 2.000e+00 2.000e+00 2.000e+00 2.000e+00 2.000e+00 2.000e+00 2.000e+00 
 7.50 2.000e+00 2.000e+00 2.000e+00 2.000e+00 2.000e+00 2.000e+00 2.000e+00 2.000e+00 2.000e+00 2.000e+00 2.000e+00 2.000e+00 2.000e+00 2.000e+00 2.000e+00 2.000e+00 2.000e+00 2.000e+00 2.000e+00 2.000e+00 2.000e+00 2.000e+00 2.000e+00 2.000e+00 
 7.52 2.000e+00 2.000e+00 2.000e+00 2.000e+00 2.000e+00 2.000e+00 2.000e+00 2.000e+00 2.000e+00 2.000e+00 2.000e+00 2.000e+00 2.000e+00 2.000e+00 2.000e+00 2.000e+00 2.000e+00 2.000e+00 2.000e+00 2.000e+00 2.000e+00 2.000e+00 2.000e+00 2.000e+00 
 7.54 2.000e+00 2.000e+00 2.000e+00 2.000e+00 2.000e+00 2.000e+00 2.000e+00 2.000e+00 2.000e+00 2.000e+00 2.000e+00 2.000e+00 2.000e+00 2.000e+00 2.000e+00 2.000e+00 2.000e+00 2.000e+00 2.000e+00 2.000e+00 2.000e+00 2.000e+00 2.000e+00 2.000e+00 
 7.56 2.000e+00 2.000e+00 2.000e+00 2.000e+00 2.000e+00 2.000e+00 2.000e+00 2.000e+00 2.000e+00 2.000e+00 2.000e+00 2.000e+00 2.000e+00 2.000e+00 2.000e+00 2.000e+00 2.000e+00 9.766e-03 9.766e-03 9.766e-03 9.766e-03 9.766e-03 9.766e-03 9.766e-03 
 7.58 2.000e+00 2.000e+00 2.000e+00 2.000e+00 2.000e+00 2.000e+00 2.000e+00 2.000e+00 2.000e+00 2.000e+00 2.000e+00 2.000e+00 2.000e+00 2.000e+00 2.000e+00 2.000e+00 2.000e+00 9.740e-03 9.740e-03 9.740e-03 9.740e-03 9.740e-03 9.740e-03 9.740e-03 
 7.60 2.000e+00 2.000e+00 2.000e+00 2.000e+00 2.000e+00 2.000e+00 2.000e+00 2.000e+00 2.000e+00 2.000e+00 2.000e+00 2.000e+00 2.000e+00 2.000e+00 2.000e+00 2.000e+00 9.688e-03 9.713e-03 9.713e-03 9.713e-03 9.713e-03 9.713e-03 9.713e-03 9.713e-03 
 7.62 2.000e+00 2.000e+00 2.000e+00 2.000e+00 2.000e+00 2.000e+00 2.000e+00 2.000e+00 2.000e+00 2.000e+00 2.000e+00 2.000e+00 2.000e+00 2.000e+00 2.000e+00 4.866e-03 9.659e-03 9.684e-03 9.684e-03 9.684e-03 9.684e-03 9.684e-03 9.684e-03 9.684e-03 
 7.64 2.000e+00 2.000e+00 2.000e+00 2.000e+00 2.000e+00 2.000e+00 2.000e+00 2.000e+00 2.000e+00 2.000e+00 2.000e+00 2.000e+00 2.000e+00 2.000e+00 2.000e+00 4.842e-03 9.628e-03 9.653e-03 9.653e-03 9.653e-03 9.653e-03 9.653e-03 9.653e-03 9.653e-03 
 7.66 2.000e+00 2.000e+00 2.000e+00 2.000e+00 2.000e+00 2.000e+00 2.000e+00 2.000e+00 2.000e+00 2.000e+00 2.000e+00 2.000e+00 2.000e+00 2.000e+00 2.000e+00 4.821e-03 9.594e-03 9.619e-03 9.619e-03 9.619e-03 9.619e-03 9.619e-03 9.619e-03 9.619e-03 
 7.68 2.000e+00 2.000e+00 2.000e+00 2.000e+00 2.000e+00 2.000e+00 2.000e+00 2.000e+00 2.000e+00 2.000e+00 2.000e+00 2.000e+00 2.000e+00 2.000e+00 2.000e+00 4.802e-03 9.557e-03 9.582e-03 9.582e-03 9.582e-03 9.582e-03 9.582e-03 9.582e-03 9.582e-03 
 7.70 2.000e+00 2.000e+00 2.000e+00 2.000e+00 2.000e+00 2.000e+00 2.000e+00 2.000e+00 2.000e+00 2.000e+00 2.000e+00 2.000e+00 2.000e+00 2.000e+00 2.000e+00 4.786e-03 9.515e-03 9.540e-03 9.540e-03 9.540e-03 9.540e-03 9.540e-03 9.540e-03 9.540e-03 
 7.72 2.000e+00 2.000e+00 2.000e+00 2.000e+00 2.000e+00 2.000e+00 2.000e+00 2.000e+00 2.000e+00 2.000e+00 2.000e+00 2.000e+00 2.000e+00 2.000e+00 2.000e+00 4.775e-03 9.468e-03 9.493e-03 9.493e-03 9.493e-03 9.493e-03 9.493e-03 9.493e-03 9.493e-03 
 7.74 2.000e+00 2.000e+00 2.000e+00 2.000e+00 2.000e+00 2.000e+00 2.000e+00 2.000e+00 2.000e+00 2.000e+00 2.000e+00 2.000e+00 2.000e+00 2.000e+00 2.000e+00 4.768e-03 9.420e-03 9.445e-03 9.445e-03 9.445e-03 9.445e-03 9.445e-03 9.445e-03 9.445e-03 
 7.76 2.000e+00 2.000e+00 2.000e+00 2.000e+00 2.000e+00 2.000e+00 2.000e+00 2.000e+00 2.000e+00 2.000e+00 2.000e+00 2.000e+00 2.000e+00 2.000e+00 2.000e+00 4.766e-03 9.382e-03 9.406e-03 9.406e-03 9.406e-03 9.406e-03 9.406e-03 9.406e-03 9.406e-03 
 7.78 2.000e+00 2.000e+00 2.000e+00 2.000e+00 2.000e+00 2.000e+00 2.000e+00 2.000e+00 2.000e+00 2.000e+00 2.000e+00 2.000e+00 2.000e+00 2.000e+00 2.000e+00 4.771e-03 9.360e-03 9.384e-03 9.384e-03 9.384e-03 9.384e-03 9.384e-03 9.384e-03 9.384e-03 
 7.80 2.000e+00 2.000e+00 2.000e+00 2.000e+00 2.000e+00 2.000e+00 2.000e+00 2.000e+00 2.000e+00 2.000e+00 2.000e+00 2.000e+00 2.000e+00 2.000e+00 2.000e+00 4.787e-03 9.363e-03 9.387e-03 9.387e-03 9.387e-03 9.387e-03 9.387e-03 9.387e-03 9.387e-03 
 7.82 2.000e+00 2.000e+00 2.000e+00 2.000e+00 2.000e+00 2.000e+00 2.000e+00 2.000e+00 2.000e+00 2.000e+00 2.000e+00 2.000e+00 2.000e+00 2.000e+00 2.000e+00 4.816e-03 9.401e-03 9.425e-03 9.425e-03 9.425e-03 9.425e-03 9.425e-03 9.425e-03 9.425e-03 
 7.84 2.000e+00 2.000e+00 2.000e+00 2.000e+00 2.000e+00 2.000e+00 2.000e+00 2.000e+00 2.000e+00 2.000e+00 2.000e+00 2.000e+00 2.000e+00 2.000e+00 2.000e+00 4.862e-03 9.479e-03 9.504e-03 9.504e-03 9.504e-03 9.504e-03 9.504e-03 9.504e-03 9.504e-03 
 7.86 2.978e-04 2.978e-04 2.978e-04 2.978e-04 2.792e-04 2.420e-04 2.049e-04 1.677e-04 1.305e-04 9.333e-05 5.615e-05 1.897e-05 2.000e+00 2.000e+00 2.000e+00 4.925e-03 9.600e-03 9.625e-03 9.625e-03 9.625e-03 9.625e-03 9.625e-03 9.625e-03 9.625e-03 
 7.88 4.023e-04 4.023e-04 4.023e-04 4.023e-04 3.772e-04 3.270e-04 2.767e-04 2.265e-04 1.763e-04 1.261e-04 7.585e-05 2.563e-05 2.000e+00 2.000e+00 2.000e+00 5.006e-03 9.763e-03 9.788e-03 9.788e-03 9.788e-03 9.788e-03 9.788e-03 9.788e-03 9.788e-03 
 7.90 5.029e-04 5.029e-04 5.029e-04 5.029e-04 4.715e-04 4.087e-04 3.459e-04 2.832e-04 2.204e-04 1.576e-04 9.482e-05 3.204e-05 2.000e+00 2.000e+00 2.000e+00 5.103e-03 9.955e-03 9.981e-03 9.981e-03 9.981e-03 9.981e-03 9.981e-03 9.981e-03 9.981e-03 
 7.92 6.010e-04 6.010e-04 6.010e-04 6.010e-04 5.635e-04 4.885e-04 4.134e-04 3.384e-04 2.634e-04 1.883e-04 1.133e-04 3.829e-05 2.000e+00 2.000e+00 2.000e+00 5.214e-03 1.016e-02 1.019e-02 1.019e-02 1.019e-02 1.019e-02 1.019e-02 1.019e-02 1.019e-02 
 7.94 6.975e-04 6.975e-04 6.975e-04 6.975e-04 6.540e-04 5.669e-04 4.798e-04 3.927e-04 3.057e-04 2.186e-04 1.315e-04 4.443e-05 2.000e+00 2.000e+00 2.000e+00 5.333e-03 1.036e-02 1.039e-02 1.039e-02 1.039e-02 1.039e-02 1.039e-02 1.039e-02 1.039e-02 
 7.96 7.931e-04 7.931e-04 7.931e-04 7.931e-04 7.436e-04 6.446e-04 5.456e-04 4.466e-04 3.476e-04 2.485e-04 1.495e-04 5.052e-05 2.000e+00 2.000e+00 2.000e+00 5.457e-03 1.056e-02 1.059e-02 1.059e-02 1.059e-02 1.059e-02 1.059e-02 1.059e-02 1.059e-02 
 7.98 8.865e-04 8.865e-04 8.865e-04 8.865e-04 8.312e-04 7.205e-04 6.098e-04 4.992e-04 3.885e-04 2.778e-04 1.671e-04 5.647e-05 2.000e+00 2.000e+00 2.000e+00 5.585e-03 1.072e-02 1.075e-02 1.075e-02 1.075e-02 1.075e-02 1.075e-02 1.075e-02 1.075e-02 
 8.00 9.742e-04 9.742e-04 9.742e-04 9.742e-04 9.134e-04 7.918e-04 6.702e-04 5.485e-04 4.269e-04 3.053e-04 1.837e-04 6.206e-05 2.000e+00 2.000e+00 2.000e+00 5.712e-03 1.086e-02 1.089e-02 1.089e-02 1.089e-02 1.089e-02 1.089e-02 1.089e-02 1.089e-02 
 8.02 1.054e-03 1.054e-03 1.054e-03 1.054e-03 9.882e-04 8.566e-04 7.250e-04 5.935e-04 4.619e-04 3.303e-04 1.987e-04 6.715e-05 2.000e+00 2.000e+00 2.000e+00 5.834e-03 1.094e-02 1.097e-02 1.097e-02 1.097e-02 1.097e-02 1.097e-02 1.097e-02 1.097e-02 
 8.04 1.130e-03 1.130e-03 1.130e-03 1.130e-03 1.059e-03 9.184e-04 7.773e-04 6.363e-04 4.952e-04 3.541e-04 2.131e-04 7.199e-05 2.000e+00 2.000e+00 2.000e+00 5.947e-03 1.097e-02 1.100e-02 1.100e-02 1.100e-02 1.100e-02 1.100e-02 1.100e-02 1.100e-02 
 8.06 1.208e-03 1.208e-03 1.208e-03 1.208e-03 1.387e-03 1.745e-03 2.103e-03 2.462e-03 2.820e-03 3.178e-03 3.536e-03 3.894e-03 2.751e-03 4.185e-05 2.000e+00 6.046e-03 1.095e-02 1.098e-02 1.098e-02 1.098e-02 1.098e-02 1.098e-02 1.098e-02 1.098e-02 
 8.08 1.288e-03 1.288e-03 1.288e-03 1.288e-03 1.462e-03 1.811e-03 2.160e-03 2.509e-03 2.858e-03 3.207e-03 3.556e-03 3.905e-03 3.869e-03 3.431e-03 2.971e-03 6.131e-03 1.088e-02 1.091e-02 1.091e-02 1.091e-02 1.091e-02 1.091e-02 1.091e-02 1.091e-02 
 8.10 1.366e-03 1.366e-03 1.366e-03 1.366e-03 1.537e-03 1.878e-03 2.219e-03 2.560e-03 2.901e-03 3.243e-03 3.584e-03 3.925e-03 3.909e-03 3.522e-03 3.072e-03 6.207e-03 1.089e-02 1.091e-02 1.091e-02 1.091e-02 1.091e-02 1.091e-02 1.091e-02 1.091e-02 
 8.12 1.441e-03 1.441e-03 1.441e-03 1.441e-03 1.609e-03 1.945e-03 2.281e-03 2.616e-03 2.952e-03 3.288e-03 3.624e-03 3.960e-03 3.961e-03 3.614e-03 3.181e-03 6.328e-03 1.078e-02 1.080e-02 1.080e-02 1.080e-02 1.080e-02 1.080e-02 1.080e-02 1.080e-02 
 8.14 1.513e-03 1.513e-03 1.513e-03 1.513e-03 1.680e-03 2.013e-03 2.347e-03 2.680e-03 3.014e-03 3.348e-03 3.681e-03 4.015e-03 4.027e-03 3.704e-03 3.298e-03 6.444e-03 1.064e-02 1.066e-02 1.066e-02 1.066e-02 1.066e-02 1.066e-02 1.066e-02 1.066e-02 
 8.16 1.583e-03 1.583e-03 1.583e-03 1.583e-03 1.750e-03 2.085e-03 2.419e-03 2.754e-03 3.088e-03 3.422e-03 3.757e-03 4.091e-03 4.106e-03 3.787e-03 3.415e-03 6.549e-03 1.066e-02 1.068e-02 1.068e-02 1.068e-02 1.068e-02 1.068e-02 1.068e-02 1.068e-02 
 8.18 1.652e-03 1.652e-03 1.652e-03 1.652e-03 1.821e-03 2.159e-03 2.497e-03 2.834e-03 3.172e-03 3.510e-03 3.848e-03 4.186e-03 4.194e-03 3.860e-03 3.532e-03 6.698e-03 1.070e-02 1.072e-02 1.072e-02 1.072e-02 1.072e-02 1.072e-02 1.072e-02 1.072e-02 
 8.20 1.719e-03 1.719e-03 1.719e-03 1.719e-03 1.890e-03 2.233e-03 2.576e-03 2.919e-03 3.262e-03 3.605e-03 3.948e-03 4.291e-03 4.289e-03 3.928e-03 3.646e-03 6.843e-03 1.073e-02 1.075e-02 1.075e-02 1.075e-02 1.075e-02 1.075e-02 1.075e-02 1.075e-02 
 8.22 1.783e-03 1.783e-03 1.783e-03 1.783e-03 1.958e-03 2.307e-03 2.656e-03 3.005e-03 3.354e-03 3.703e-03 4.052e-03 4.401e-03 4.385e-03 3.990e-03 3.758e-03 6.979e-03 1.077e-02 1.079e-02 1.079e-02 1.079e-02 1.079e-02 1.079e-02 1.079e-02 1.079e-02 
 8.24 1.846e-03 1.846e-03 1.846e-03 1.846e-03 2.023e-03 2.378e-03 2.733e-03 3.088e-03 3.443e-03 3.798e-03 4.153e-03 4.508e-03 4.479e-03 4.051e-03 3.869e-03 6.982e-03 1.081e-02 1.083e-02 1.083e-02 1.083e-02 1.083e-02 1.083e-02 1.083e-02 1.083e-02 
 8.26 1.908e-03 1.908e-03 1.908e-03 1.908e-03 2.088e-03 2.448e-03 2.807e-03 3.167e-03 3.527e-03 3.887e-03 4.247e-03 4.606e-03 4.567e-03 4.112e-03 3.976e-03 7.038e-03 1.083e-02 1.085e-02 1.085e-02 1.085e-02 1.085e-02 1.085e-02 1.085e-02 1.085e-02 
 8.28 1.969e-03 1.969e-03 1.969e-03 1.969e-03 2.151e-03 2.514e-03 2.877e-03 3.240e-03 3.603e-03 3.966e-03 4.329e-03 4.692e-03 4.646e-03 4.175e-03 4.078e-03 7.221e-03 1.087e-02 1.089e-02 1.089e-02 1.089e-02 1.089e-02 1.089e-02 1.089e-02 1.089e-02 
 8.30 2.029e-03 2.029e-03 2.029e-03 2.029e-03 2.212e-03 2.577e-03 2.943e-03 3.309e-03 3.674e-03 4.040e-03 4.406e-03 4.771e-03 4.722e-03 4.240e-03 4.173e-03 7.320e-03 1.091e-02 1.093e-02 1.093e-02 1.093e-02 1.093e-02 1.093e-02 1.093e-02 1.093e-02 
 8.32 2.090e-03 2.090e-03 2.090e-03 2.090e-03 2.274e-03 2.643e-03 3.011e-03 3.380e-03 3.748e-03 4.117e-03 4.485e-03 4.854e-03 4.801e-03 4.309e-03 4.260e-03 7.269e-03 1.094e-02 1.096e-02 1.096e-02 1.096e-02 1.096e-02 1.096e-02 1.096e-02 1.096e-02 
 8.34 2.150e-03 2.150e-03 2.150e-03 2.150e-03 2.337e-03 2.710e-03 3.083e-03 3.456e-03 3.829e-03 4.202e-03 4.575e-03 4.948e-03 4.888e-03 4.379e-03 4.338e-03 7.211e-03 1.095e-02 1.097e-02 1.097e-02 1.097e-02 1.097e-02 1.097e-02 1.097e-02 1.097e-02 
 8.36 2.209e-03 2.209e-03 2.209e-03 2.209e-03 2.399e-03 2.779e-03 3.159e-03 3.539e-03 3.919e-03 4.299e-03 4.679e-03 5.059e-03 4.990e-03 4.454e-03 4.408e-03 7.212e-03 1.096e-02 1.098e-02 1.098e-02 1.098e-02 1.098e-02 1.098e-02 1.098e-02 1.098e-02 
 8.38 2.269e-03 2.269e-03 2.269e-03 2.269e-03 2.464e-03 2.854e-03 3.244e-03 3.634e-03 4.024e-03 4.414e-03 4.804e-03 5.194e-03 5.111e-03 4.534e-03 4.470e-03 7.182e-03 1.098e-02 1.100e-02 1.100e-02 1.100e-02 1.100e-02 1.100e-02 1.100e-02 1.100e-02 
 8.40 2.328e-03 2.328e-03 2.328e-03 2.328e-03 2.530e-03 2.933e-03 3.336e-03 3.740e-03 4.143e-03 4.546e-03 4.950e-03 5.353e-03 5.250e-03 4.619e-03 4.522e-03 7.152e-03 1.100e-02 1.102e-02 1.102e-02 1.102e-02 1.102e-02 1.102e-02 1.102e-02 1.102e-02 
 8.42 2.389e-03 2.389e-03 2.389e-03 2.389e-03 2.599e-03 3.018e-03 3.437e-03 3.856e-03 4.275e-03 4.694e-03 5.113e-03 5.532e-03 5.404e-03 4.707e-03 4.563e-03 7.148e-03 1.101e-02 1.103e-02 1.103e-02 1.103e-02 1.103e-02 1.103e-02 1.103e-02 1.103e-02 
 8.44 2.451e-03 2.451e-03 2.451e-03 2.451e-03 2.669e-03 3.105e-03 3.541e-03 3.978e-03 4.414e-03 4.850e-03 5.286e-03 5.722e-03 5.568e-03 4.797e-03 4.593e-03 7.116e-03 1.102e-02 1.104e-02 1.104e-02 1.104e-02 1.104e-02 1.104e-02 1.104e-02 1.104e-02 
 8.46 2.513e-03 2.513e-03 2.513e-03 2.513e-03 2.740e-03 3.195e-03 3.649e-03 4.103e-03 4.558e-03 5.012e-03 5.467e-03 5.921e-03 5.737e-03 4.888e-03 4.612e-03 7.060e-03 1.104e-02 1.106e-02 1.106e-02 1.106e-02 1.106e-02 1.106e-02 1.106e-02 1.106e-02 
 8.48 2.576e-03 2.576e-03 2.576e-03 2.576e-03 2.812e-03 3.285e-03 3.758e-03 4.231e-03 4.703e-03 5.176e-03 5.649e-03 6.122e-03 5.908e-03 4.977e-03 4.623e-03 7.007e-03 1.106e-02 1.108e-02 1.108e-02 1.108e-02 1.108e-02 1.108e-02 1.108e-02 1.108e-02 
 8.50 2.640e-03 2.640e-03 2.640e-03 2.640e-03 2.885e-03 3.376e-03 3.866e-03 4.357e-03 4.847e-03 5.338e-03 5.828e-03 6.319e-03 6.074e-03 5.065e-03 4.627e-03 6.979e-03 1.107e-02 1.109e-02 1.109e-02 1.109e-02 1.109e-02 1.109e-02 1.109e-02 1.109e-02 
 8.52 2.702e-03 2.702e-03 2.702e-03 2.702e-03 2.955e-03 3.462e-03 3.969e-03 4.476e-03 4.983e-03 5.490e-03 5.997e-03 6.504e-03 6.232e-03 5.148e-03 4.624e-03 6.977e-03 1.106e-02 1.108e-02 1.108e-02 1.108e-02 1.108e-02 1.108e-02 1.108e-02 1.108e-02 
 8.54 2.765e-03 2.765e-03 2.765e-03 2.765e-03 3.025e-03 3.546e-03 4.067e-03 4.588e-03 5.109e-03 5.630e-03 6.150e-03 6.671e-03 6.374e-03 5.226e-03 4.617e-03 6.983e-03 1.105e-02 1.107e-02 1.107e-02 1.107e-02 1.107e-02 1.107e-02 1.107e-02 1.107e-02 
 8.56 2.828e-03 2.828e-03 2.828e-03 2.828e-03 3.094e-03 3.625e-03 4.156e-03 4.688e-03 5.219e-03 5.750e-03 6.282e-03 6.813e-03 6.496e-03 5.297e-03 4.606e-03 6.991e-03 1.105e-02 1.107e-02 1.107e-02 1.107e-02 1.107e-02 1.107e-02 1.107e-02 1.107e-02 
 8.58 2.892e-03 2.892e-03 2.892e-03 2.892e-03 3.161e-03 3.699e-03 4.237e-03 4.775e-03 5.313e-03 5.851e-03 6.389e-03 6.927e-03 6.596e-03 5.358e-03 4.591e-03 7.000e-03 1.107e-02 1.109e-02 1.109e-02 1.109e-02 1.109e-02 1.109e-02 1.109e-02 1.109e-02 
 8.60 2.956e-03 2.956e-03 2.956e-03 2.956e-03 3.227e-03 3.769e-03 4.311e-03 4.853e-03 5.395e-03 5.937e-03 6.479e-03 7.021e-03 6.677e-03 5.410e-03 4.576e-03 7.007e-03 1.108e-02 1.110e-02 1.110e-02 1.110e-02 1.110e-02 1.110e-02 1.110e-02 1.110e-02 
 8.62 3.020e-03 3.020e-03 3.020e-03 3.020e-03 3.292e-03 3.836e-03 4.380e-03 4.925e-03 5.469e-03 6.013e-03 6.557e-03 7.101e-03 6.745e-03 5.449e-03 4.558e-03 7.013e-03 1.109e-02 1.111e-02 1.111e-02 1.111e-02 1.111e-02 1.111e-02 1.111e-02 1.111e-02 
 8.64 3.083e-03 3.083e-03 3.083e-03 3.083e-03 3.355e-03 3.900e-03 4.445e-03 4.990e-03 5.535e-03 6.080e-03 6.625e-03 7.170e-03 6.800e-03 5.477e-03 4.540e-03 7.014e-03 1.108e-02 1.110e-02 1.110e-02 1.110e-02 1.110e-02 1.110e-02 1.110e-02 1.110e-02 
 8.66 3.146e-03 3.146e-03 3.146e-03 3.146e-03 3.418e-03 3.963e-03 4.508e-03 5.053e-03 5.598e-03 6.142e-03 6.687e-03 7.232e-03 6.848e-03 5.497e-03 4.522e-03 7.011e-03 1.107e-02 1.109e-02 1.109e-02 1.109e-02 1.109e-02 1.109e-02 1.109e-02 1.109e-02 
 8.68 3.206e-03 3.206e-03 3.206e-03 3.206e-03 3.478e-03 4.023e-03 4.567e-03 5.112e-03 5.656e-03 6.201e-03 6.746e-03 7.290e-03 6.891e-03 5.509e-03 4.504e-03 7.006e-03 1.106e-02 1.108e-02 1.108e-02 1.108e-02 1.108e-02 1.108e-02 1.108e-02 1.108e-02 
 8.70 3.266e-03 3.266e-03 3.266e-03 3.266e-03 3.538e-03 4.082e-03 4.627e-03 5.171e-03 5.715e-03 6.260e-03 6.804e-03 7.348e-03 6.932e-03 5.516e-03 4.486e-03 7.004e-03 1.106e-02 1.108e-02 1.108e-02 1.108e-02 1.108e-02 1.108e-02 1.108e-02 1.108e-02 
 8.72 3.324e-03 3.324e-03 3.324e-03 3.324e-03 3.596e-03 4.140e-03 4.685e-03 5.229e-03 5.773e-03 6.318e-03 6.862e-03 7.406e-03 6.972e-03 5.519e-03 4.470e-03 7.007e-03 1.107e-02 1.109e-02 1.109e-02 1.109e-02 1.109e-02 1.109e-02 1.109e-02 1.109e-02 
 8.74 3.381e-03 3.381e-03 3.381e-03 3.381e-03 3.654e-03 4.199e-03 4.744e-03 5.289e-03 5.834e-03 6.379e-03 6.925e-03 7.470e-03 7.016e-03 5.521e-03 4.455e-03 7.017e-03 1.108e-02 1.110e-02 1.110e-02 1.110e-02 1.110e-02 1.110e-02 1.110e-02 1.110e-02 
 8.76 3.438e-03 3.438e-03 3.438e-03 3.438e-03 3.711e-03 4.258e-03 4.805e-03 5.351e-03 5.898e-03 6.445e-03 6.991e-03 7.538e-03 7.063e-03 5.522e-03 4.443e-03 7.026e-03 1.109e-02 1.111e-02 1.111e-02 1.111e-02 1.111e-02 1.111e-02 1.111e-02 1.111e-02 
 8.78 3.495e-03 3.495e-03 3.495e-03 3.495e-03 3.770e-03 4.319e-03 4.868e-03 5.418e-03 5.967e-03 6.516e-03 7.065e-03 7.615e-03 7.115e-03 5.523e-03 4.432e-03 7.023e-03 1.111e-02 1.113e-02 1.113e-02 1.113e-02 1.113e-02 1.113e-02 1.113e-02 1.113e-02 
 8.80 3.549e-03 3.549e-03 3.549e-03 3.549e-03 3.826e-03 4.379e-03 4.933e-03 5.486e-03 6.040e-03 6.593e-03 7.147e-03 7.701e-03 7.175e-03 5.525e-03 4.423e-03 7.009e-03 1.113e-02 1.115e-02 1.115e-02 1.115e-02 1.115e-02 1.115e-02 1.115e-02 1.115e-02 
 8.82 3.602e-03 3.602e-03 3.602e-03 3.602e-03 3.881e-03 4.440e-03 4.998e-03 5.557e-03 6.115e-03 6.674e-03 7.232e-03 7.791e-03 7.240e-03 5.531e-03 4.418e-03 6.992e-03 1.115e-02 1.117e-02 1.117e-02 1.117e-02 1.117e-02 1.117e-02 1.117e-02 1.117e-02 
 8.84 3.652e-03 3.652e-03 3.652e-03 3.652e-03 3.934e-03 4.499e-03 5.063e-03 5.627e-03 6.192e-03 6.756e-03 7.321e-03 7.885e-03 7.307e-03 5.539e-03 4.414e-03 6.977e-03 1.117e-02 1.119e-02 1.119e-02 1.119e-02 1.119e-02 1.119e-02 1.119e-02 1.119e-02 
 8.86 3.701e-03 3.701e-03 3.701e-03 3.701e-03 3.986e-03 4.556e-03 5.127e-03 5.697e-03 6.267e-03 6.837e-03 7.408e-03 7.978e-03 7.376e-03 5.552e-03 4.414e-03 6.971e-03 1.118e-02 1.120e-02 1.120e-02 1.120e-02 1.120e-02 1.120e-02 1.120e-02 1.120e-02 
 8.88 3.750e-03 3.750e-03 3.750e-03 3.750e-03 4.038e-03 4.614e-03 5.190e-03 5.766e-03 6.342e-03 6.918e-03 7.494e-03 8.070e-03 7.444e-03 5.566e-03 4.417e-03 6.975e-03 1.120e-02 1.122e-02 1.122e-02 1.122e-02 1.122e-02 1.122e-02 1.122e-02 1.122e-02 
 8.90 3.797e-03 3.797e-03 3.797e-03 3.797e-03 4.088e-03 4.669e-03 5.250e-03 5.832e-03 6.413e-03 6.995e-03 7.576e-03 8.157e-03 7.510e-03 5.581e-03 4.422e-03 6.982e-03 1.122e-02 1.124e-02 1.124e-02 1.124e-02 1.124e-02 1.124e-02 1.124e-02 1.124e-02 
 8.92 3.844e-03 3.844e-03 3.844e-03 3.844e-03 4.137e-03 4.723e-03 5.309e-03 5.895e-03 6.480e-03 7.066e-03 7.652e-03 8.238e-03 7.569e-03 5.594e-03 4.429e-03 6.985e-03 1.123e-02 1.125e-02 1.125e-02 1.125e-02 1.125e-02 1.125e-02 1.125e-02 1.125e-02 
 8.94 2.000e+00 2.000e+00 2.000e+00 2.000e+00 2.000e+00 2.000e+00 2.000e+00 2.000e+00 2.000e+00 2.000e+00 2.000e+00 2.000e+00 7.623e-03 5.602e-03 4.437e-03 6.991e-03 1.124e-02 1.126e-02 1.126e-02 1.126e-02 1.126e-02 1.126e-02 1.126e-02 1.126e-02 
 8.96 2.000e+00 2.000e+00 2.000e+00 2.000e+00 2.000e+00 2.000e+00 2.000e+00 2.000e+00 2.000e+00 2.000e+00 2.000e+00 2.000e+00 7.666e-03 5.607e-03 4.447e-03 7.014e-03 1.124e-02 1.126e-02 1.126e-02 1.126e-02 1.126e-02 1.126e-02 1.126e-02 1.126e-02 
 8.98 2.000e+00 2.000e+00 2.000e+00 2.000e+00 2.000e+00 2.000e+00 2.000e+00 2.000e+00 2.000e+00 2.000e+00 2.000e+00 2.000e+00 7.693e-03 5.604e-03 4.458e-03 7.052e-03 1.124e-02 1.126e-02 1.126e-02 1.126e-02 1.126e-02 1.126e-02 1.126e-02 1.126e-02 
 9.00 2.000e+00 2.000e+00 2.000e+00 2.000e+00 2.000e+00 2.000e+00 2.000e+00 2.000e+00 2.000e+00 2.000e+00 2.000e+00 2.000e+00 7.702e-03 5.596e-03 4.469e-03 7.082e-03 1.124e-02 1.126e-02 1.126e-02 1.126e-02 1.126e-02 1.126e-02 1.126e-02 1.126e-02 
 9.02 2.000e+00 2.000e+00 2.000e+00 2.000e+00 2.000e+00 2.000e+00 2.000e+00 2.000e+00 2.000e+00 2.000e+00 2.000e+00 2.000e+00 7.690e-03 5.582e-03 4.482e-03 7.086e-03 1.125e-02 1.127e-02 1.127e-02 1.127e-02 1.127e-02 1.127e-02 1.127e-02 1.127e-02 
 9.04 2.000e+00 2.000e+00 2.000e+00 2.000e+00 2.000e+00 2.000e+00 2.000e+00 2.000e+00 2.000e+00 2.000e+00 2.000e+00 2.000e+00 7.655e-03 5.569e-03 4.495e-03 7.074e-03 1.127e-02 1.129e-02 1.129e-02 1.129e-02 1.129e-02 1.129e-02 1.129e-02 1.129e-02 
 9.06 2.000e+00 2.000e+00 2.000e+00 2.000e+00 2.000e+00 2.000e+00 2.000e+00 2.000e+00 2.000e+00 2.000e+00 2.000e+00 2.000e+00 7.604e-03 5.561e-03 4.506e-03 7.075e-03 1.131e-02 1.133e-02 1.133e-02 1.133e-02 1.133e-02 1.133e-02 1.133e-02 1.133e-02 
 9.08 2.000e+00 2.000e+00 2.000e+00 2.000e+00 2.000e+00 2.000e+00 2.000e+00 2.000e+00 2.000e+00 2.000e+00 2.000e+00 2.000e+00 7.560e-03 5.559e-03 4.518e-03 7.105e-03 1.136e-02 1.138e-02 1.138e-02 1.138e-02 1.138e-02 1.138e-02 1.138e-02 1.138e-02 
 9.10 2.000e+00 2.000e+00 2.000e+00 2.000e+00 2.000e+00 2.000e+00 2.000e+00 2.000e+00 2.000e+00 2.000e+00 2.000e+00 2.000e+00 7.547e-03 5.571e-03 4.534e-03 7.145e-03 1.143e-02 1.145e-02 1.145e-02 1.145e-02 1.145e-02 1.145e-02 1.145e-02 1.145e-02 
 9.12 2.000e+00 2.000e+00 2.000e+00 2.000e+00 2.000e+00 2.000e+00 2.000e+00 2.000e+00 2.000e+00 2.000e+00 2.000e+00 2.000e+00 7.564e-03 5.607e-03 4.560e-03 7.176e-03 1.151e-02 1.153e-02 1.153e-02 1.153e-02 1.153e-02 1.153e-02 1.153e-02 1.153e-02 
 9.14 2.000e+00 2.000e+00 2.000e+00 2.000e+00 2.000e+00 2.000e+00 2.000e+00 2.000e+00 2.000e+00 2.000e+00 2.000e+00 2.000e+00 7.558e-03 5.570e-03 4.594e-03 7.204e-03 1.159e-02 1.161e-02 1.161e-02 1.161e-02 1.161e-02 1.161e-02 1.161e-02 1.161e-02 
 9.16 2.000e+00 2.000e+00 2.000e+00 2.000e+00 2.000e+00 2.000e+00 2.000e+00 2.000e+00 2.000e+00 2.000e+00 2.000e+00 2.000e+00 7.460e-03 5.429e-03 4.623e-03 7.239e-03 1.167e-02 1.169e-02 1.169e-02 1.169e-02 1.169e-02 1.169e-02 1.169e-02 1.169e-02 
 9.18 2.000e+00 2.000e+00 2.000e+00 2.000e+00 2.000e+00 2.000e+00 2.000e+00 2.000e+00 2.000e+00 2.000e+00 2.000e+00 2.000e+00 7.267e-03 5.385e-03 4.642e-03 7.300e-03 1.176e-02 1.178e-02 1.178e-02 1.178e-02 1.178e-02 1.178e-02 1.178e-02 1.178e-02 
 9.20 2.000e+00 2.000e+00 2.000e+00 2.000e+00 2.000e+00 2.000e+00 2.000e+00 2.000e+00 2.000e+00 2.000e+00 2.000e+00 2.000e+00 7.100e-03 5.358e-03 4.655e-03 7.358e-03 1.181e-02 1.183e-02 1.183e-02 1.183e-02 1.183e-02 1.183e-02 1.183e-02 1.183e-02 
 9.22 2.000e+00 2.000e+00 2.000e+00 2.000e+00 2.000e+00 2.000e+00 2.000e+00 2.000e+00 2.000e+00 2.000e+00 2.000e+00 2.000e+00 6.975e-03 5.325e-03 4.667e-03 7.389e-03 1.184e-02 1.186e-02 1.186e-02 1.186e-02 1.186e-02 1.186e-02 1.186e-02 1.186e-02 
 9.24 2.000e+00 2.000e+00 2.000e+00 2.000e+00 2.000e+00 2.000e+00 2.000e+00 2.000e+00 2.000e+00 2.000e+00 2.000e+00 2.000e+00 6.877e-03 5.283e-03 4.678e-03 7.407e-03 1.186e-02 1.188e-02 1.188e-02 1.188e-02 1.188e-02 1.188e-02 1.188e-02 1.188e-02 
 9.26 2.000e+00 2.000e+00 2.000e+00 2.000e+00 2.000e+00 2.000e+00 2.000e+00 2.000e+00 2.000e+00 2.000e+00 2.000e+00 2.000e+00 6.776e-03 5.229e-03 4.687e-03 7.421e-03 1.186e-02 1.188e-02 1.188e-02 1.188e-02 1.188e-02 1.188e-02 1.188e-02 1.188e-02 
 9.28 2.000e+00 2.000e+00 2.000e+00 2.000e+00 2.000e+00 2.000e+00 2.000e+00 2.000e+00 2.000e+00 2.000e+00 2.000e+00 2.000e+00 6.660e-03 5.168e-03 4.694e-03 7.437e-03 1.186e-02 1.188e-02 1.188e-02 1.188e-02 1.188e-02 1.188e-02 1.188e-02 1.188e-02 
 9.30 2.000e+00 2.000e+00 2.000e+00 2.000e+00 2.000e+00 2.000e+00 2.000e+00 2.000e+00 2.000e+00 2.000e+00 2.000e+00 2.000e+00 6.542e-03 5.102e-03 4.701e-03 7.457e-03 1.186e-02 1.188e-02 1.188e-02 1.188e-02 1.188e-02 1.188e-02 1.188e-02 1.188e-02 
 9.32 2.000e+00 2.000e+00 2.000e+00 2.000e+00 2.000e+00 2.000e+00 2.000e+00 2.000e+00 2.000e+00 2.000e+00 2.000e+00 2.000e+00 6.434e-03 5.028e-03 4.708e-03 7.480e-03 1.187e-02 1.189e-02 1.189e-02 1.189e-02 1.189e-02 1.189e-02 1.189e-02 1.189e-02 
 9.34 2.000e+00 2.000e+00 2.000e+00 2.000e+00 2.000e+00 2.000e+00 2.000e+00 2.000e+00 2.000e+00 2.000e+00 2.000e+00 2.000e+00 6.339e-03 4.949e-03 4.713e-03 7.482e-03 1.187e-02 1.189e-02 1.189e-02 1.189e-02 1.189e-02 1.189e-02 1.189e-02 1.189e-02 
 9.36 2.000e+00 2.000e+00 2.000e+00 2.000e+00 2.000e+00 2.000e+00 2.000e+00 2.000e+00 2.000e+00 2.000e+00 2.000e+00 2.000e+00 6.256e-03 4.870e-03 4.719e-03 7.494e-03 1.187e-02 1.189e-02 1.189e-02 1.189e-02 1.189e-02 1.189e-02 1.189e-02 1.189e-02 
 9.38 2.000e+00 2.000e+00 2.000e+00 2.000e+00 2.000e+00 2.000e+00 2.000e+00 2.000e+00 2.000e+00 2.000e+00 2.000e+00 2.000e+00 6.182e-03 4.791e-03 4.723e-03 7.490e-03 1.187e-02 1.189e-02 1.189e-02 1.189e-02 1.189e-02 1.189e-02 1.189e-02 1.189e-02 
 9.40 2.000e+00 2.000e+00 2.000e+00 2.000e+00 2.000e+00 2.000e+00 2.000e+00 2.000e+00 2.000e+00 2.000e+00 2.000e+00 2.000e+00 6.115e-03 4.718e-03 4.727e-03 7.492e-03 1.187e-02 1.189e-02 1.189e-02 1.189e-02 1.189e-02 1.189e-02 1.189e-02 1.189e-02 
 9.42 2.000e+00 2.000e+00 2.000e+00 2.000e+00 2.000e+00 2.000e+00 2.000e+00 2.000e+00 2.000e+00 2.000e+00 2.000e+00 2.000e+00 6.055e-03 4.653e-03 4.729e-03 7.494e-03 1.187e-02 1.189e-02 1.189e-02 1.189e-02 1.189e-02 1.189e-02 1.189e-02 1.189e-02 
 9.44 2.000e+00 2.000e+00 2.000e+00 2.000e+00 2.000e+00 2.000e+00 2.000e+00 2.000e+00 2.000e+00 2.000e+00 2.000e+00 2.000e+00 5.996e-03 4.604e-03 4.731e-03 7.494e-03 1.187e-02 1.189e-02 1.189e-02 1.189e-02 1.189e-02 1.189e-02 1.189e-02 1.189e-02 
 9.46 2.000e+00 2.000e+00 2.000e+00 2.000e+00 2.000e+00 2.000e+00 2.000e+00 2.000e+00 2.000e+00 2.000e+00 2.000e+00 2.000e+00 5.928e-03 4.579e-03 4.731e-03 7.494e-03 1.187e-02 1.189e-02 1.189e-02 1.189e-02 1.189e-02 1.189e-02 1.189e-02 1.189e-02 
 9.48 2.000e+00 2.000e+00 2.000e+00 2.000e+00 2.000e+00 2.000e+00 2.000e+00 2.000e+00 2.000e+00 2.000e+00 2.000e+00 2.000e+00 5.839e-03 4.577e-03 4.731e-03 7.494e-03 1.187e-02 1.189e-02 1.189e-02 1.189e-02 1.189e-02 1.189e-02 1.189e-02 1.189e-02 
 9.50 2.000e+00 2.000e+00 2.000e+00 2.000e+00 2.000e+00 2.000e+00 2.000e+00 2.000e+00 2.000e+00 2.000e+00 2.000e+00 2.000e+00 5.713e-03 4.583e-03 4.730e-03 7.494e-03 1.187e-02 1.189e-02 1.189e-02 1.189e-02 1.189e-02 1.189e-02 1.189e-02 1.189e-02 
 9.52 2.000e+00 2.000e+00 2.000e+00 2.000e+00 2.000e+00 2.000e+00 2.000e+00 2.000e+00 2.000e+00 2.000e+00 2.000e+00 2.000e+00 5.536e-03 4.583e-03 4.729e-03 7.494e-03 1.187e-02 1.189e-02 1.189e-02 1.189e-02 1.189e-02 1.189e-02 1.189e-02 1.189e-02 
 9.54 2.000e+00 2.000e+00 2.000e+00 2.000e+00 2.000e+00 2.000e+00 2.000e+00 2.000e+00 2.000e+00 2.000e+00 2.000e+00 2.000e+00 5.314e-03 4.559e-03 4.728e-03 7.494e-03 1.188e-02 1.190e-02 1.190e-02 1.190e-02 1.190e-02 1.190e-02 1.190e-02 1.190e-02 
 9.56 2.000e+00 2.000e+00 2.000e+00 2.000e+00 2.000e+00 2.000e+00 2.000e+00 2.000e+00 2.000e+00 2.000e+00 2.000e+00 2.000e+00 5.065e-03 4.499e-03 4.727e-03 7.493e-03 1.188e-02 1.190e-02 1.190e-02 1.190e-02 1.190e-02 1.190e-02 1.190e-02 1.190e-02 
 9.58 2.000e+00 2.000e+00 2.000e+00 2.000e+00 2.000e+00 2.000e+00 2.000e+00 2.000e+00 2.000e+00 2.000e+00 2.000e+00 2.000e+00 4.809e-03 4.397e-03 4.726e-03 7.491e-03 1.188e-02 1.190e-02 1.190e-02 1.190e-02 1.190e-02 1.190e-02 1.190e-02 1.190e-02 
 9.60 2.000e+00 2.000e+00 2.000e+00 2.000e+00 2.000e+00 2.000e+00 2.000e+00 2.000e+00 2.000e+00 2.000e+00 2.000e+00 2.000e+00 4.570e-03 4.275e-03 4.726e-03 7.490e-03 1.188e-02 1.190e-02 1.190e-02 1.190e-02 1.190e-02 1.190e-02 1.190e-02 1.190e-02 
 9.62 2.000e+00 2.000e+00 2.000e+00 2.000e+00 2.000e+00 2.000e+00 2.000e+00 2.000e+00 2.000e+00 2.000e+00 2.000e+00 2.000e+00 4.373e-03 4.155e-03 4.727e-03 7.488e-03 1.188e-02 1.190e-02 1.190e-02 1.190e-02 1.190e-02 1.190e-02 1.190e-02 1.190e-02 
 9.64 2.000e+00 2.000e+00 2.000e+00 2.000e+00 2.000e+00 2.000e+00 2.000e+00 2.000e+00 2.000e+00 2.000e+00 2.000e+00 2.000e+00 4.229e-03 4.062e-03 4.727e-03 7.487e-03 1.188e-02 1.190e-02 1.190e-02 1.190e-02 1.190e-02 1.190e-02 1.190e-02 1.190e-02 
 9.66 2.000e+00 2.000e+00 2.000e+00 2.000e+00 2.000e+00 2.000e+00 2.000e+00 2.000e+00 2.000e+00 2.000e+00 2.000e+00 2.000e+00 4.134e-03 4.010e-03 4.728e-03 7.486e-03 1.188e-02 1.190e-02 1.190e-02 1.190e-02 1.190e-02 1.190e-02 1.190e-02 1.190e-02 
 9.68 2.000e+00 2.000e+00 2.000e+00 2.000e+00 2.000e+00 2.000e+00 2.000e+00 2.000e+00 2.000e+00 2.000e+00 2.000e+00 2.000e+00 4.078e-03 3.995e-03 4.729e-03 7.486e-03 1.188e-02 1.190e-02 1.190e-02 1.190e-02 1.190e-02 1.190e-02 1.190e-02 1.190e-02 
 9.70 2.000e+00 2.000e+00 2.000e+00 2.000e+00 2.000e+00 2.000e+00 2.000e+00 2.000e+00 2.000e+00 2.000e+00 2.000e+00 2.000e+00 4.050e-03 4.004e-03 4.729e-03 7.486e-03 1.188e-02 1.190e-02 1.190e-02 1.190e-02 1.190e-02 1.190e-02 1.190e-02 1.190e-02 
 9.72 2.000e+00 2.000e+00 2.000e+00 2.000e+00 2.000e+00 2.000e+00 2.000e+00 2.000e+00 2.000e+00 2.000e+00 2.000e+00 2.000e+00 4.037e-03 4.023e-03 4.729e-03 7.487e-03 1.188e-02 1.190e-02 1.190e-02 1.190e-02 1.190e-02 1.190e-02 1.190e-02 1.190e-02 
 9.74 2.000e+00 2.000e+00 2.000e+00 2.000e+00 2.000e+00 2.000e+00 2.000e+00 2.000e+00 2.000e+00 2.000e+00 2.000e+00 2.000e+00 4.035e-03 4.043e-03 4.729e-03 7.488e-03 1.188e-02 1.190e-02 1.190e-02 1.190e-02 1.190e-02 1.190e-02 1.190e-02 1.190e-02 
 9.76 2.000e+00 2.000e+00 2.000e+00 2.000e+00 2.000e+00 2.000e+00 2.000e+00 2.000e+00 2.000e+00 2.000e+00 2.000e+00 2.000e+00 4.037e-03 4.057e-03 4.729e-03 7.489e-03 1.188e-02 1.190e-02 1.190e-02 1.190e-02 1.190e-02 1.190e-02 1.190e-02 1.190e-02 
 9.78 2.000e+00 2.000e+00 2.000e+00 2.000e+00 2.000e+00 2.000e+00 2.000e+00 2.000e+00 2.000e+00 2.000e+00 2.000e+00 2.000e+00 4.041e-03 4.063e-03 4.729e-03 7.490e-03 1.188e-02 1.190e-02 1.190e-02 1.190e-02 1.190e-02 1.190e-02 1.190e-02 1.190e-02 
 9.80 2.000e+00 2.000e+00 2.000e+00 2.000e+00 2.000e+00 2.000e+00 2.000e+00 2.000e+00 2.000e+00 2.000e+00 2.000e+00 2.000e+00 4.045e-03 4.062e-03 4.729e-03 7.490e-03 1.188e-02 1.190e-02 1.190e-02 1.190e-02 1.190e-02 1.190e-02 1.190e-02 1.190e-02 
 9.82 2.000e+00 2.000e+00 2.000e+00 2.000e+00 2.000e+00 2.000e+00 2.000e+00 2.000e+00 2.000e+00 2.000e+00 2.000e+00 2.000e+00 4.049e-03 4.059e-03 4.729e-03 7.490e-03 1.188e-02 1.190e-02 1.190e-02 1.190e-02 1.190e-02 1.190e-02 1.190e-02 1.190e-02 
 9.84 2.000e+00 2.000e+00 2.000e+00 2.000e+00 2.000e+00 2.000e+00 2.000e+00 2.000e+00 2.000e+00 2.000e+00 2.000e+00 2.000e+00 4.051e-03 4.054e-03 4.729e-03 7.489e-03 1.188e-02 1.190e-02 1.190e-02 1.190e-02 1.190e-02 1.190e-02 1.190e-02 1.190e-02 
 9.86 2.000e+00 2.000e+00 2.000e+00 2.000e+00 2.000e+00 2.000e+00 2.000e+00 2.000e+00 2.000e+00 2.000e+00 2.000e+00 2.000e+00 4.053e-03 4.050e-03 4.729e-03 7.488e-03 1.188e-02 1.190e-02 1.190e-02 1.190e-02 1.190e-02 1.190e-02 1.190e-02 1.190e-02 
 9.88 2.000e+00 2.000e+00 2.000e+00 2.000e+00 2.000e+00 2.000e+00 2.000e+00 2.000e+00 2.000e+00 2.000e+00 2.000e+00 2.000e+00 4.052e-03 4.047e-03 4.730e-03 7.488e-03 1.188e-02 1.190e-02 1.190e-02 1.190e-02 1.190e-02 1.190e-02 1.190e-02 1.190e-02 
 9.90 2.000e+00 2.000e+00 2.000e+00 2.000e+00 2.000e+00 2.000e+00 2.000e+00 2.000e+00 2.000e+00 2.000e+00 2.000e+00 2.000e+00 4.051e-03 4.046e-03 4.731e-03 7.487e-03 1.188e-02 1.190e-02 1.190e-02 1.190e-02 1.190e-02 1.190e-02 1.190e-02 1.190e-02 
 9.92 2.000e+00 2.000e+00 2.000e+00 2.000e+00 2.000e+00 2.000e+00 2.000e+00 2.000e+00 2.000e+00 2.000e+00 2.000e+00 2.000e+00 4.051e-03 4.046e-03 4.731e-03 7.486e-03 1.188e-02 1.190e-02 1.190e-02 1.190e-02 1.190e-02 1.190e-02 1.190e-02 1.190e-02 
 9.94 2.000e+00 2.000e+00 2.000e+00 2.000e+00 2.000e+00 2.000e+00 2.000e+00 2.000e+00 2.000e+00 2.000e+00 2.000e+00 2.000e+00 4.049e-03 4.046e-03 4.732e-03 7.486e-03 1.188e-02 1.190e-02 1.190e-02 1.190e-02 1.190e-02 1.190e-02 1.190e-02 1.190e-02 
 9.96 2.000e+00 2.000e+00 2.000e+00 2.000e+00 2.000e+00 2.000e+00 2.000e+00 2.000e+00 2.000e+00 2.000e+00 2.000e+00 2.000e+00 4.049e-03 4.048e-03 4.732e-03 7.486e-03 1.188e-02 1.190e-02 1.190e-02 1.190e-02 1.190e-02 1.190e-02 1.190e-02 1.190e-02 
 9.98 2.000e+00 2.000e+00 2.000e+00 2.000e+00 2.000e+00 2.000e+00 2.000e+00 2.000e+00 2.000e+00 2.000e+00 2.000e+00 2.000e+00 4.049e-03 4.049e-03 4.732e-03 7.486e-03 1.188e-02 1.190e-02 1.190e-02 1.190e-02 1.190e-02 1.190e-02 1.190e-02 1.190e-02 
10.00 2.000e+00 2.000e+00 2.000e+00 2.000e+00 2.000e+00 2.000e+00 2.000e+00 2.000e+00 2.000e+00 2.000e+00 2.000e+00 2.000e+00 4.048e-03 4.049e-03 4.732e-03 7.487e-03 1.188e-02 1.190e-02 1.190e-02 1.190e-02 1.190e-02 1.190e-02 1.190e-02 1.190e-02 
10.02 2.000e+00 2.000e+00 2.000e+00 2.000e+00 2.000e+00 2.000e+00 2.000e+00 2.000e+00 2.000e+00 2.000e+00 2.000e+00 2.000e+00 4.049e-03 4.050e-03 4.732e-03 7.488e-03 1.188e-02 1.190e-02 1.190e-02 1.190e-02 1.190e-02 1.190e-02 1.190e-02 1.190e-02 
10.04 2.000e+00 2.000e+00 2.000e+00 2.000e+00 2.000e+00 2.000e+00 2.000e+00 2.000e+00 2.000e+00 2.000e+00 2.000e+00 2.000e+00 4.049e-03 4.050e-03 4.732e-03 7.489e-03 1.188e-02 1.190e-02 1.190e-02 1.190e-02 1.190e-02 1.190e-02 1.190e-02 1.190e-02 
10.06 2.000e+00 2.000e+00 2.000e+00 2.000e+00 2.000e+00 2.000e+00 2.000e+00 2.000e+00 2.000e+00 2.000e+00 2.000e+00 2.000e+00 4.049e-03 4.050e-03 4.732e-03 7.490e-03 1.188e-02 1.190e-02 1.190e-02 1.190e-02 1.190e-02 1.190e-02 1.190e-02 1.190e-02 
10.08 2.000e+00 2.000e+00 2.000e+00 2.000e+00 2.000e+00 2.000e+00 2.000e+00 2.000e+00 2.000e+00 2.000e+00 2.000e+00 2.000e+00 4.049e-03 4.050e-03 4.731e-03 7.491e-03 1.188e-02 1.190e-02 1.190e-02 1.190e-02 1.190e-02 1.190e-02 1.190e-02 1.190e-02 
10.10 2.000e+00 2.000e+00 2.000e+00 2.000e+00 2.000e+00 2.000e+00 2.000e+00 2.000e+00 2.000e+00 2.000e+00 2.000e+00 2.000e+00 4.049e-03 4.049e-03 4.730e-03 7.492e-03 1.188e-02 1.190e-02 1.190e-02 1.190e-02 1.190e-02 1.190e-02 1.190e-02 1.190e-02 
10.12 2.000e+00 2.000e+00 2.000e+00 2.000e+00 2.000e+00 2.000e+00 2.000e+00 2.000e+00 2.000e+00 2.000e+00 2.000e+00 2.000e+00 4.050e-03 4.049e-03 4.730e-03 7.493e-03 1.188e-02 1.190e-02 1.190e-02 1.190e-02 1.190e-02 1.190e-02 1.190e-02 1.190e-02 
10.14 2.000e+00 2.000e+00 2.000e+00 2.000e+00 2.000e+00 2.000e+00 2.000e+00 2.000e+00 2.000e+00 2.000e+00 2.000e+00 2.000e+00 4.050e-03 4.049e-03 4.729e-03 7.494e-03 1.188e-02 1.190e-02 1.190e-02 1.190e-02 1.190e-02 1.190e-02 1.190e-02 1.190e-02 
