   0.11059 
   0.11446 
   0.11838 
   0.12238 
   0.12644 
   0.13057 
   0.13477 
   0.13903 
   0.14337 
   0.14777 
   0.15223 
   0.15677 
   0.16137 
   0.16604 
   0.17079 
   0.17560 
   0.18047 
   0.18542 
   0.19044 
   0.19553 
   0.20069 
   0.20591 
   0.21121 
   0.21658 
   0.22203 
   0.22754 
   0.23313 
   0.23879 
   0.24453 
   0.25034 
   0.25623 
   0.26219 
   0.26822 
   0.27434 
   0.28053 
   0.28681 
   0.29316 
   0.29959 
   0.30611 
   0.31270 
   0.31938 
   0.32615 
   0.33300 
   0.33994 
   0.34697 
   0.35409 
   0.36131 
   0.36861 
   0.37602 
   0.38351 
   0.39111 
   0.39881 
   0.40661 
   0.41452 
   0.42254 
   0.43067 
   0.43891 
   0.44726 
   0.45574 
   0.46433 
   0.47305 
   0.48190 
   0.49088 
   0.50000 
