0.019608
0.023206
0.026543
0.029682
0.032663
0.035513
0.038254
0.040899
0.043462
0.045951
0.048374
0.050739
0.053049
0.055310
0.057526
0.059700
0.061836
0.063935
0.066000
0.068033
0.070037
0.072012
0.073961
0.075885
0.077784
0.079661
0.081516
0.083350
0.085164
0.086959
0.088736
0.090495
0.092238
0.093964
0.095675
0.097370
0.099051
0.100718
0.102371
0.104012
0.105639
0.107254
0.108858
0.110449
0.112030
0.113599
0.115158
0.116706
0.118244
0.119773
0.121291
0.122801
0.124301
0.125793
0.127276
0.128750
0.130216
0.131674
0.133124
0.134567
0.136001
0.137429
0.138849
0.140262
0.141668
0.143068
0.144460
0.145847
0.147226
0.148600
0.149967
0.151328
0.152683
0.154033
0.155376
0.156714
0.158047
0.159374
0.160696
0.162012
0.163323
0.164630
0.165931
0.167227
0.168519
0.169805
0.171087
0.172364
0.173637
0.174906
0.176169
0.177429
0.178684
0.179935
0.181182
0.182425
0.183664
0.184899
0.186129
0.187356
0.188579
0.189799
0.191014
0.192226
0.193435
0.194640
0.195841
0.197038
0.198233
0.199424
0.200611
0.201796
0.202977
0.204154
0.205329
0.206500
0.207669
0.208834
0.209996
0.211155
0.212311
0.213465
0.214615
0.215763
0.216907
0.218049
0.219188
0.220325
0.221458
0.222589
0.223717
0.224843
0.225966
0.227087
0.228205
0.229320
0.230433
0.231544
0.232652
0.233758
0.234861
0.235962
0.237061
0.238157
0.239251
0.240343
0.241432
0.242519
0.243605
0.244688
0.245768
0.246847
0.247923
0.248998
0.250070
0.251141
0.252209
0.253275
0.254339
0.255402
0.256462
0.257520
0.258577
0.259632
0.260684
0.261735
0.262784
0.263831
0.264876
0.265920
0.266962
0.268002
0.269040
0.270076
0.271111
0.272144
0.273175
0.274205
0.275233
0.276259
0.277284
0.278307
0.279329
0.280348
0.281367
0.282384
0.283399
0.284412
0.285424
0.286435
0.287444
0.288452
0.289458
0.290463
0.291466
0.292467
0.293468
0.294467
0.295464
0.296460
0.297455
0.298448
0.299440
0.300431
0.301420
0.302408
0.303395
0.304380
0.305364
0.306347
0.307329
0.308309
0.309288
0.310266
0.311242
0.312217
0.313191
0.314164
0.315136
0.316106
0.317075
0.318044
0.319010
0.319976
0.320941
0.321904
0.322867
0.323828
0.324788
0.325747
0.326705
0.327662
0.328618
0.329572
0.330526
0.331478
0.332430
0.333380
0.334330
0.335278
0.336226
0.337172
0.338118
0.339062
0.340005
0.340948
0.341889
0.342830
0.343769
0.344708
0.345646
0.346583
0.347518
0.348453
0.349387
0.350320
0.351252
0.352184
0.353114
0.354044
0.354972
0.355900
0.356827
0.357753
0.358678
0.359602
0.360526
0.361448
0.362370
0.363291
0.364212
0.365131
0.366050
0.366967
0.367884
0.368801
0.369716
0.370631
0.371545
0.372458
0.373370
0.374282
0.375193
0.376103
0.377012
0.377921
0.378829
0.379736
0.380642
0.381548
0.382453
0.383358
0.384261
0.385164
0.386067
0.386968
0.387869
0.388770
0.389669
0.390568
0.391467
0.392364
0.393261
0.394158
0.395053
0.395949
0.396843
0.397737
0.398630
0.399523
0.400415
0.401306
0.402197
0.403087
0.403977
0.404866
0.405754
0.406642
0.407530
0.408416
0.409303
0.410188
0.411073
0.411958
0.412842
0.413725
0.414608
0.415490
0.416372
0.417253
0.418134
0.419014
0.419894
0.420773
0.421652
0.422530
0.423408
0.424285
0.425162
0.426038
0.426913
0.427789
0.428663
0.429538
0.430411
0.431285
0.432158
0.433030
0.433902
0.434773
0.435644
0.436515
0.437385
0.438255
0.439124
0.439993
0.440861
0.441729
0.442597
0.443464
0.444330
0.445197
0.446063
0.446928
0.447793
0.448658
0.449522
0.450386
0.451249
0.452112
0.452975
0.453837
0.454699
0.455561
0.456422
0.457283
0.458143
0.459003
0.459863
0.460722
0.461581
0.462440
0.463298
0.464156
0.465014
0.465871
0.466728
0.467585
0.468441
0.469297
0.470153
0.471008
0.471863
0.472718
0.473572
0.474426
0.475280
0.476133
0.476986
0.477839
0.478692
0.479544
0.480396
0.481247
0.482099
0.482950
0.483801
0.484651
0.485501
0.486351
0.487201
0.488051
0.488900
0.489749
0.490597
0.491446
0.492294
0.493142
0.493989
0.494837
0.495684
0.496531
0.497377
0.498224
0.499070
0.499916
0.500761
0.501607
0.502452
0.503297
0.504142
0.504987
0.505831
0.506675
0.507519
0.508363
0.509206
0.510050
0.510893
0.511736
0.512578
0.513421
0.514263
0.515105
0.515947
0.516789
0.517631
0.518472
0.519313
0.520154
0.520995
0.521836
0.522676
0.523517
0.524357
0.525197
0.526037
0.526876
0.527716
0.528555
0.529395
0.530234
0.531073
0.531911
0.532750
0.533588
0.534427
0.535265
0.536103
0.536941
0.537779
0.538616
0.539454
0.540291
0.541129
0.541966
0.542803
0.543640
0.544477
0.545313
0.546150
0.546986
0.547823
0.548659
0.549495
0.550331
0.551167
0.552003
0.552839
0.553674
0.554510
0.555345
0.556181
0.557016
0.557851
0.558686
0.559521
0.560356
0.561191
0.562026
0.562861
0.563695
0.564530
0.565364
0.566199
0.567033
0.567867
0.568702
0.569536
0.570370
0.571204
0.572038
0.572872
0.573706
0.574540
0.575373
0.576207
0.577041
0.577875
0.578708
0.579542
0.580375
0.581209
0.582042
0.582876
0.583709
0.584543
0.585376
0.586209
0.587043
0.587876
0.588709
0.589542
0.590376
0.591209
0.592042
0.592875
0.593708
0.594542
0.595375
0.596208
0.597041
0.597874
0.598707
0.599540
0.600374
0.601207
0.602040
0.602873
0.603706
0.604539
0.605373
0.606206
0.607039
0.607872
0.608706
0.609539
0.610372
0.611205
0.612039
0.612872
0.613706
0.614539
0.615372
0.616206
0.617040
0.617873
0.618707
0.619540
0.620374
0.621208
0.622041
0.622875
0.623709
0.624543
0.625377
0.626211
0.627045
0.627879
0.628713
0.629547
0.630382
0.631216
0.632050
0.632885
0.633719
0.634554
0.635389
0.636223
0.637058
0.637893
0.638728
0.639563
0.640398
0.641233
0.642068
0.642904
0.643739
0.644574
0.645410
0.646246
0.647081
0.647917
0.648753
0.649589
0.650425
0.651261
0.652097
0.652934
0.653770
0.654607
0.655443
0.656280
0.657117
0.657954
0.658791
0.659628
0.660466
0.661303
0.662140
0.662978
0.663816
0.664654
0.665492
0.666330
0.667168
0.668006
0.668845
0.669683
0.670522
0.671361
0.672200
0.673039
0.673878
0.674717
0.675557
0.676396
0.677236
0.678076
0.678916
0.679756
0.680596
0.681437
0.682277
0.683118
0.683959
0.684800
0.685641
0.686482
0.687323
0.688165
0.689007
0.689849
0.690691
0.691533
0.692375
0.693218
0.694060
0.694903
0.695746
0.696589
0.697433
0.698276
0.699120
0.699964
0.700808
0.701652
0.702496
0.703341
0.704186
0.705030
0.705875
0.706721
0.707566
0.708412
0.709257
0.710103
0.710949
0.711796
0.712642
0.713489
0.714336
0.715183
0.716030
0.716878
0.717725
0.718573
0.719421
0.720269
0.721118
0.721966
0.722815
0.723664
0.724514
0.725363
0.726213
0.727063
0.727913
0.728763
0.729613
0.730464
0.731315
0.732166
0.733017
0.733869
0.734721
0.735573
0.736425
0.737277
0.738130
0.738983
0.739836
0.740689
0.741543
0.742397
0.743251
0.744105
0.744959
0.745814
0.746669
0.747524
0.748379
0.749235
0.750091
0.750947
0.751803
0.752660
0.753517
0.754374
0.755231
0.756089
0.756947
0.757805
0.758663
0.759522
0.760380
0.761239
0.762099
0.762958
0.763818
0.764678
0.765539
0.766399
0.767260
0.768121
0.768982
0.769844
0.770706
0.771568
0.772431
0.773293
0.774156
0.775019
0.775883
0.776747
0.777611
0.778475
0.779340
0.780205
0.781070
0.781935
0.782801
0.783667
0.784533
0.785400
0.786267
0.787134
0.788001
0.788869
0.789737
0.790605
0.791474
0.792342
0.793212
0.794081
0.794951
0.795821
0.796691
0.797562
0.798432
0.799304
0.800175
0.801047
0.801919
0.802792
0.803664
0.804537
0.805411
0.806284
0.807158
0.808032
0.808907
0.809782
0.810657
0.811532
0.812408
0.813284
0.814161
0.815038
0.815915
0.816792
0.817670
0.818548
0.819426
0.820305
0.821184
0.822063
0.822943
0.823823
0.824703
0.825584
0.826465
0.827346
0.828228
0.829110
0.829992
0.830875
0.831758
0.832641
0.833525
0.834409
0.835293
0.836178
0.837063
0.837948
0.838834
0.839720
0.840606
0.841493
0.842380
0.843267
0.844155
0.845043
0.845932
0.846821
0.847710
0.848599
0.849489
0.850379
0.851270
0.852161
0.853052
0.853944
0.854836
0.855729
0.856621
0.857515
0.858408
0.859302
0.860196
0.861091
0.861986
0.862881
0.863777
0.864673
0.865570
0.866466
0.867364
0.868261
0.869159
0.870058
0.870956
0.871855
0.872755
0.873655
0.874555
0.875456
0.876357
0.877258
0.878160
0.879062
0.879965
0.880868
0.881771
0.882675
0.883579
0.884484
0.885389
0.886294
0.887200
0.888106
0.889012
0.889919
0.890827
0.891734
0.892642
0.893551
0.894460
0.895369
0.896279
0.897189
0.898100
0.899011
0.899922
0.900834
0.901746
0.902659
0.903572
0.904485
0.905399
0.906313
0.907228
0.908143
0.909059
0.909975
0.910891
0.911808
0.912725
0.913643
0.914561
0.915479
0.916398
0.917317
0.918237
0.919157
0.920078
0.920999
0.921921
0.922843
0.923765
0.924688
0.925611
0.926535
0.927459
0.928383
0.929308
0.930234
0.931160
0.932086
0.933013
0.933940
0.934867
0.935795
0.936724
0.937653
0.938582
0.939512
0.940443
0.941373
0.942305
0.943236
0.944168
0.945101
0.946034
0.946968
0.947901
0.948836
0.949771
0.950706
0.951642
0.952578
0.953515
0.954452
0.955390
0.956328
0.957266
0.958205
0.959145
0.960085
0.961025
0.961966
0.962908
0.963850
0.964792
0.965735
0.966678
0.967622
0.968566
0.969511
0.970456
0.971402
0.972348
0.973295
0.974242
0.975189
0.976137
0.977086
0.978035
0.978985
0.979935
0.980885
0.981836
0.982788
0.983740
0.984692
0.985645
0.986599
0.987553
0.988507
0.989462
0.990418
0.991374
0.992330
0.993287
0.994245
0.995203
0.996161
0.997120
0.998079
0.999039
1.000000
