0.03225806
0.04761905
0.06250000
0.06451613
0.06666667
0.06896552
0.07142857
0.07272727
0.07407407
0.07547170
0.07692308
0.07843137
0.08000000
0.08163265
0.08333333
0.08510638
0.08695652
0.08888889
0.09090909
0.09302326
0.09523810
0.09756098
0.10000000
0.10126582
0.10256410
0.10389610
0.10526316
0.10666667
0.10810811
0.10958904
0.11111111
0.11267606
0.11428571
0.11594203
0.11764706
0.11940299
0.12121212
0.12307692
0.12500000
0.12698413
0.12903226
0.13114754
0.13333333
0.13559322
0.13793103
0.14035088
0.14285714
0.14545455
0.14814815
0.15094340
0.15384615
0.15686275
0.16000000
0.16326531
0.16666667
0.17021277
0.17391304
0.17777778
0.18181818
0.18604651
0.19047619
0.19512195
0.20000000
0.20512821
0.21052632
0.21621622
0.22222222
0.22857143
0.23529412
0.24242424
0.25000000
0.2564103
0.2631579
0.2702703
0.2777778
0.2857143
0.2898551
0.2941176
0.2985075
0.3030303
0.3076923
0.3125000
0.3174603
0.3225806
0.3278689
0.3333333
0.3389831
0.3448276
0.3508772
0.3571429
0.3636364
0.3703704
0.3773585
0.3846154
0.3921569
0.4000000
0.4081633
0.4166667
0.4255319
0.4347826
0.4444444
0.4545455
0.4651163
0.4761905
0.4878049
0.5000000
0.5128205
0.5263158
0.5405405
0.5555556
0.5714286
0.5882353
0.6060606
0.6250000
0.6451613
0.6666667
0.6779661
0.6896552
0.7017544
0.7142857
0.7272727
0.7407407
0.7547170
0.7692308
0.7843137
0.8000000
0.8163265
0.8333333
0.8510638
0.8695652
0.8888889
0.9090909
0.9302326
0.9523810
0.9756098
1.0000000
