   0.03167 
   0.03375 
   0.03590 
   0.03812 
   0.04040 
   0.04275 
   0.04517 
   0.04765 
   0.05019 
   0.05281 
   0.05549 
   0.05823 
   0.06104 
   0.06392 
   0.06686 
   0.06987 
   0.07294 
   0.07608 
   0.07929 
   0.08256 
   0.08590 
   0.08931 
   0.09278 
   0.09632 
   0.09993 
   0.10360 
   0.10734 
   0.11114 
   0.11501 
   0.11895 
   0.12296 
   0.12703 
   0.13117 
   0.13537 
   0.13965 
   0.14399 
   0.14840 
   0.15288 
   0.15742 
   0.16204 
   0.16672 
   0.17147 
   0.17629 
   0.18118 
   0.18613 
   0.19116 
   0.19626 
   0.20143 
   0.20667 
   0.21198 
   0.21736 
   0.22281 
   0.22834 
   0.23394 
   0.23961 
   0.24535 
   0.25118 
   0.25707 
   0.26304 
   0.26909 
   0.27522 
   0.28142 
   0.28771 
   0.29407 
   0.30052 
   0.30704 
   0.31365 
   0.32034 
   0.32712 
   0.33399 
   0.34094 
   0.34798 
   0.35512 
   0.36234 
   0.36966 
   0.37708 
   0.38459 
   0.39220 
   0.39992 
   0.40774 
   0.41566 
   0.42369 
   0.43183 
   0.44009 
   0.44846 
   0.45695 
   0.46557 
   0.47431 
   0.48318 
   0.49218 
   0.50131 
   0.51059 
   0.52001 
   0.52958 
   0.53930 
   0.54919 
   0.55923 
   0.56945 
   0.57984 
   0.59041 
   0.60117 
   0.61212 
   0.62327 
   0.63464 
   0.64621 
   0.65802 
   0.67006 
   0.68234 
   0.69487 
   0.70767 
   0.72075 
   0.73411 
   0.74777 
   0.76174 
   0.77604 
   0.79068 
   0.80568 
   0.82105 
   0.83682 
   0.85299 
   0.86960 
   0.88666 
   0.90420 
   0.92225 
   0.94082 
   0.95995 
   0.97966 
   1.00000 
