   0.03219 
   0.03388 
   0.03561 
   0.03739 
   0.03921 
   0.04107 
   0.04298 
   0.04493 
   0.04692 
   0.04896 
   0.05104 
   0.05316 
   0.05532 
   0.05753 
   0.05978 
   0.06207 
   0.06441 
   0.06679 
   0.06921 
   0.07168 
   0.07418 
   0.07674 
   0.07933 
   0.08197 
   0.08465 
   0.08738 
   0.09014 
   0.09295 
   0.09581 
   0.09871 
   0.10165 
   0.10463 
   0.10766 
   0.11073 
   0.11385 
   0.11700 
   0.12021 
   0.12345 
   0.12674 
   0.13007 
   0.13345 
   0.13687 
   0.14033 
   0.14384 
   0.14739 
   0.15099 
   0.15463 
   0.15832 
   0.16205 
   0.16582 
   0.16964 
   0.17351 
   0.17741 
   0.18137 
   0.18537 
   0.18941 
   0.19350 
   0.19764 
   0.20182 
   0.20605 
   0.21032 
   0.21465 
   0.21901 
   0.22343 
   0.22789 
   0.23240 
   0.23696 
   0.24156 
   0.24622 
   0.25092 
   0.25567 
   0.26047 
   0.26532 
   0.27022 
   0.27518 
   0.28018 
   0.28523 
   0.29034 
   0.29550 
   0.30071 
   0.30597 
   0.31129 
   0.31666 
   0.32209 
   0.32757 
   0.33311 
   0.33871 
   0.34437 
   0.35008 
   0.35586 
   0.36169 
   0.36758 
   0.37354 
   0.37956 
   0.38565 
   0.39179 
   0.39801 
   0.40429 
   0.41064 
   0.41706 
   0.42356 
   0.43012 
   0.43676 
   0.44347 
   0.45026 
   0.45712 
   0.46407 
   0.47110 
   0.47821 
   0.48540 
   0.49269 
   0.50006 
   0.50752 
   0.51508 
   0.52273 
   0.53048 
   0.53833 
   0.54628 
   0.55434 
   0.56250 
   0.57078 
   0.57917 
   0.58769 
   0.59632 
   0.60507 
   0.61396 
   0.62297 
   0.63212 
   0.64142 
   0.65085 
   0.66044 
   0.67018 
   0.68007 
   0.69013 
   0.70037 
   0.71077 
   0.72136 
   0.73213 
   0.74310 
   0.75427 
   0.76565 
   0.77724 
   0.78905 
   0.80110 
   0.81339 
   0.82593 
   0.83873 
   0.85179 
   0.86514 
   0.87878 
   0.89273 
   0.90699 
   0.92158 
   0.93651 
   0.95181 
   0.96747 
   0.98353 
   1.00000 
