   0.00977 
   0.01001 
   0.01024 
   0.01048 
   0.01072 
   0.01097 
   0.01121 
   0.01146 
   0.01172 
   0.01197 
   0.01223 
   0.01249 
   0.01275 
   0.01302 
   0.01329 
   0.01356 
   0.01383 
   0.01411 
   0.01439 
   0.01467 
   0.01495 
   0.01524 
   0.01553 
   0.01582 
   0.01612 
   0.01642 
   0.01672 
   0.01702 
   0.01733 
   0.01764 
   0.01795 
   0.01826 
   0.01858 
   0.01890 
   0.01922 
   0.01955 
   0.01987 
   0.02020 
   0.02054 
   0.02087 
   0.02121 
   0.02155 
   0.02189 
   0.02224 
   0.02259 
   0.02294 
   0.02330 
   0.02365 
   0.02401 
   0.02438 
   0.02474 
   0.02511 
   0.02548 
   0.02585 
   0.02623 
   0.02661 
   0.02699 
   0.02737 
   0.02776 
   0.02815 
   0.02854 
   0.02893 
   0.02933 
   0.02973 
   0.03013 
   0.03054 
   0.03095 
   0.03136 
   0.03177 
   0.03219 
   0.03261 
   0.03303 
   0.03345 
   0.03388 
   0.03431 
   0.03474 
   0.03518 
   0.03561 
   0.03605 
   0.03650 
   0.03694 
   0.03739 
   0.03784 
   0.03830 
   0.03875 
   0.03921 
   0.03967 
   0.04014 
   0.04060 
   0.04107 
   0.04155 
   0.04202 
   0.04250 
   0.04298 
   0.04346 
   0.04395 
   0.04444 
   0.04493 
   0.04542 
   0.04592 
   0.04642 
   0.04692 
   0.04743 
   0.04793 
   0.04844 
   0.04896 
   0.04947 
   0.04999 
   0.05051 
   0.05104 
   0.05156 
   0.05209 
   0.05262 
   0.05316 
   0.05369 
   0.05423 
   0.05478 
   0.05532 
   0.05587 
   0.05642 
   0.05697 
   0.05753 
   0.05809 
   0.05865 
   0.05921 
   0.05978 
   0.06035 
   0.06092 
   0.06149 
   0.06207 
   0.06265 
   0.06323 
   0.06382 
   0.06441 
   0.06500 
   0.06559 
   0.06619 
   0.06679 
   0.06739 
   0.06799 
   0.06860 
   0.06921 
   0.06982 
   0.07044 
   0.07106 
   0.07168 
   0.07230 
   0.07293 
   0.07355 
   0.07418 
   0.07482 
   0.07546 
   0.07609 
   0.07674 
   0.07738 
   0.07803 
   0.07868 
   0.07933 
   0.07999 
   0.08065 
   0.08131 
   0.08197 
   0.08264 
   0.08331 
   0.08398 
   0.08465 
   0.08533 
   0.08601 
   0.08669 
   0.08738 
   0.08806 
   0.08875 
   0.08945 
   0.09014 
   0.09084 
   0.09154 
   0.09225 
   0.09295 
   0.09366 
   0.09438 
   0.09509 
   0.09581 
   0.09653 
   0.09725 
   0.09798 
   0.09871 
   0.09944 
   0.10017 
   0.10091 
   0.10165 
   0.10239 
   0.10313 
   0.10388 
   0.10463 
   0.10538 
   0.10614 
   0.10690 
   0.10766 
   0.10842 
   0.10919 
   0.10996 
   0.11073 
   0.11151 
   0.11228 
   0.11306 
   0.11385 
   0.11463 
   0.11542 
   0.11621 
   0.11700 
   0.11780 
   0.11860 
   0.11940 
   0.12021 
   0.12101 
   0.12182 
   0.12264 
   0.12345 
   0.12427 
   0.12509 
   0.12591 
   0.12674 
   0.12757 
   0.12840 
   0.12924 
   0.13007 
   0.13091 
   0.13176 
   0.13260 
   0.13345 
   0.13430 
   0.13515 
   0.13601 
   0.13687 
   0.13773 
   0.13860 
   0.13946 
   0.14033 
   0.14121 
   0.14208 
   0.14296 
   0.14384 
   0.14473 
   0.14561 
   0.14650 
   0.14739 
   0.14829 
   0.14919 
   0.15009 
   0.15099 
   0.15190 
   0.15281 
   0.15372 
   0.15463 
   0.15555 
   0.15647 
   0.15739 
   0.15832 
   0.15925 
   0.16018 
   0.16111 
   0.16205 
   0.16299 
   0.16393 
   0.16487 
   0.16582 
   0.16677 
   0.16773 
   0.16868 
   0.16964 
   0.17060 
   0.17157 
   0.17254 
   0.17351 
   0.17448 
   0.17545 
   0.17643 
   0.17741 
   0.17840 
   0.17939 
   0.18038 
   0.18137 
   0.18236 
   0.18336 
   0.18436 
   0.18537 
   0.18638 
   0.18739 
   0.18840 
   0.18941 
   0.19043 
   0.19145 
   0.19248 
   0.19350 
   0.19453 
   0.19557 
   0.19660 
   0.19764 
   0.19868 
   0.19973 
   0.20077 
   0.20182 
   0.20287 
   0.20393 
   0.20499 
   0.20605 
   0.20711 
   0.20818 
   0.20925 
   0.21032 
   0.21140 
   0.21248 
   0.21356 
   0.21465 
   0.21573 
   0.21682 
   0.21792 
   0.21901 
   0.22011 
   0.22122 
   0.22232 
   0.22343 
   0.22454 
   0.22565 
   0.22677 
   0.22789 
   0.22901 
   0.23014 
   0.23127 
   0.23240 
   0.23354 
   0.23467 
   0.23581 
   0.23696 
   0.23810 
   0.23925 
   0.24041 
   0.24156 
   0.24272 
   0.24388 
   0.24505 
   0.24622 
   0.24739 
   0.24856 
   0.24974 
   0.25092 
   0.25210 
   0.25329 
   0.25448 
   0.25567 
   0.25687 
   0.25807 
   0.25927 
   0.26047 
   0.26168 
   0.26289 
   0.26411 
   0.26532 
   0.26654 
   0.26777 
   0.26899 
   0.27022 
   0.27146 
   0.27269 
   0.27393 
   0.27518 
   0.27642 
   0.27767 
   0.27892 
   0.28018 
   0.28144 
   0.28270 
   0.28396 
   0.28523 
   0.28650 
   0.28778 
   0.28906 
   0.29034 
   0.29162 
   0.29291 
   0.29420 
   0.29550 
   0.29679 
   0.29809 
   0.29940 
   0.30071 
   0.30202 
   0.30333 
   0.30465 
   0.30597 
   0.30730 
   0.30862 
   0.30995 
   0.31129 
   0.31263 
   0.31397 
   0.31531 
   0.31666 
   0.31801 
   0.31937 
   0.32073 
   0.32209 
   0.32346 
   0.32483 
   0.32620 
   0.32757 
   0.32895 
   0.33034 
   0.33172 
   0.33311 
   0.33451 
   0.33591 
   0.33731 
   0.33871 
   0.34012 
   0.34153 
   0.34295 
   0.34437 
   0.34579 
   0.34722 
   0.34865 
   0.35008 
   0.35152 
   0.35296 
   0.35441 
   0.35586 
   0.35731 
   0.35876 
   0.36023 
   0.36169 
   0.36316 
   0.36463 
   0.36610 
   0.36758 
   0.36907 
   0.37056 
   0.37205 
   0.37354 
   0.37504 
   0.37654 
   0.37805 
   0.37956 
   0.38108 
   0.38260 
   0.38412 
   0.38565 
   0.38718 
   0.38871 
   0.39025 
   0.39179 
   0.39334 
   0.39489 
   0.39645 
   0.39801 
   0.39957 
   0.40114 
   0.40272 
   0.40429 
   0.40587 
   0.40746 
   0.40905 
   0.41064 
   0.41224 
   0.41384 
   0.41545 
   0.41706 
   0.41868 
   0.42030 
   0.42193 
   0.42356 
   0.42519 
   0.42683 
   0.42847 
   0.43012 
   0.43177 
   0.43343 
   0.43509 
   0.43676 
   0.43843 
   0.44010 
   0.44178 
   0.44347 
   0.44516 
   0.44685 
   0.44855 
   0.45026 
   0.45197 
   0.45368 
   0.45540 
   0.45712 
   0.45885 
   0.46059 
   0.46232 
   0.46407 
   0.46582 
   0.46757 
   0.46933 
   0.47110 
   0.47287 
   0.47464 
   0.47642 
   0.47821 
   0.48000 
   0.48179 
   0.48360 
   0.48540 
   0.48722 
   0.48903 
   0.49086 
   0.49269 
   0.49452 
   0.49636 
   0.49821 
   0.50006 
   0.50191 
   0.50378 
   0.50565 
   0.50752 
   0.50940 
   0.51129 
   0.51318 
   0.51508 
   0.51698 
   0.51889 
   0.52081 
   0.52273 
   0.52466 
   0.52659 
   0.52853 
   0.53048 
   0.53243 
   0.53439 
   0.53635 
   0.53833 
   0.54030 
   0.54229 
   0.54428 
   0.54628 
   0.54828 
   0.55029 
   0.55231 
   0.55434 
   0.55637 
   0.55841 
   0.56045 
   0.56250 
   0.56456 
   0.56663 
   0.56870 
   0.57078 
   0.57287 
   0.57496 
   0.57707 
   0.57917 
   0.58129 
   0.58341 
   0.58555 
   0.58769 
   0.58983 
   0.59199 
   0.59415 
   0.59632 
   0.59849 
   0.60068 
   0.60287 
   0.60507 
   0.60728 
   0.60950 
   0.61172 
   0.61396 
   0.61620 
   0.61845 
   0.62071 
   0.62297 
   0.62525 
   0.62753 
   0.62982 
   0.63212 
   0.63443 
   0.63675 
   0.63908 
   0.64142 
   0.64376 
   0.64612 
   0.64848 
   0.65085 
   0.65323 
   0.65563 
   0.65803 
   0.66044 
   0.66286 
   0.66529 
   0.66773 
   0.67018 
   0.67264 
   0.67510 
   0.67758 
   0.68007 
   0.68257 
   0.68508 
   0.68760 
   0.69013 
   0.69268 
   0.69523 
   0.69779 
   0.70037 
   0.70295 
   0.70555 
   0.70815 
   0.71077 
   0.71340 
   0.71604 
   0.71869 
   0.72136 
   0.72403 
   0.72672 
   0.72942 
   0.73213 
   0.73486 
   0.73759 
   0.74034 
   0.74310 
   0.74587 
   0.74866 
   0.75146 
   0.75427 
   0.75709 
   0.75993 
   0.76278 
   0.76565 
   0.76852 
   0.77142 
   0.77432 
   0.77724 
   0.78017 
   0.78312 
   0.78608 
   0.78905 
   0.79204 
   0.79505 
   0.79807 
   0.80110 
   0.80415 
   0.80722 
   0.81030 
   0.81339 
   0.81650 
   0.81963 
   0.82277 
   0.82593 
   0.82910 
   0.83229 
   0.83550 
   0.83873 
   0.84197 
   0.84523 
   0.84850 
   0.85179 
   0.85510 
   0.85843 
   0.86178 
   0.86514 
   0.86853 
   0.87193 
   0.87534 
   0.87878 
   0.88224 
   0.88572 
   0.88921 
   0.89273 
   0.89626 
   0.89982 
   0.90339 
   0.90699 
   0.91060 
   0.91424 
   0.91790 
   0.92158 
   0.92528 
   0.92900 
   0.93275 
   0.93651 
   0.94030 
   0.94411 
   0.94795 
   0.95181 
   0.95569 
   0.95959 
   0.96352 
   0.96747 
   0.97145 
   0.97545 
   0.97948 
   0.98353 
   0.98761 
   0.99171 
   0.99584 
   1.00000 
