   0.00954 
   0.01001 
   0.01048 
   0.01097 
   0.01146 
   0.01197 
   0.01249 
   0.01302 
   0.01356 
   0.01411 
   0.01467 
   0.01524 
   0.01582 
   0.01642 
   0.01702 
   0.01764 
   0.01826 
   0.01890 
   0.01955 
   0.02020 
   0.02087 
   0.02155 
   0.02224 
   0.02294 
   0.02365 
   0.02438 
   0.02511 
   0.02585 
   0.02661 
   0.02737 
   0.02815 
   0.02893 
   0.02973 
   0.03054 
   0.03136 
   0.03219 
   0.03303 
   0.03388 
   0.03474 
   0.03561 
   0.03650 
   0.03739 
   0.03830 
   0.03921 
   0.04014 
   0.04107 
   0.04202 
   0.04298 
   0.04395 
   0.04493 
   0.04592 
   0.04692 
   0.04793 
   0.04896 
   0.04999 
   0.05104 
   0.05209 
   0.05316 
   0.05423 
   0.05532 
   0.05642 
   0.05753 
   0.05865 
   0.05978 
   0.06092 
   0.06207 
   0.06323 
   0.06441 
   0.06559 
   0.06679 
   0.06799 
   0.06921 
   0.07044 
   0.07168 
   0.07293 
   0.07418 
   0.07546 
   0.07674 
   0.07803 
   0.07933 
   0.08065 
   0.08197 
   0.08331 
   0.08465 
   0.08601 
   0.08738 
   0.08875 
   0.09014 
   0.09154 
   0.09295 
   0.09438 
   0.09581 
   0.09725 
   0.09871 
   0.10017 
   0.10165 
   0.10313 
   0.10463 
   0.10614 
   0.10766 
   0.10919 
   0.11073 
   0.11228 
   0.11385 
   0.11542 
   0.11700 
   0.11860 
   0.12021 
   0.12182 
   0.12345 
   0.12509 
   0.12674 
   0.12840 
   0.13007 
   0.13176 
   0.13345 
   0.13515 
   0.13687 
   0.13860 
   0.14033 
   0.14208 
   0.14384 
   0.14561 
   0.14739 
   0.14919 
   0.15099 
   0.15281 
   0.15463 
   0.15647 
   0.15832 
   0.16018 
   0.16205 
   0.16393 
   0.16582 
   0.16773 
   0.16964 
   0.17157 
   0.17351 
   0.17545 
   0.17741 
   0.17939 
   0.18137 
   0.18336 
   0.18537 
   0.18739 
   0.18941 
   0.19145 
   0.19350 
   0.19557 
   0.19764 
   0.19973 
   0.20182 
   0.20393 
   0.20605 
   0.20818 
   0.21032 
   0.21248 
   0.21465 
   0.21682 
   0.21901 
   0.22122 
   0.22343 
   0.22565 
   0.22789 
   0.23014 
   0.23240 
   0.23467 
   0.23696 
   0.23925 
   0.24156 
   0.24388 
   0.24622 
   0.24856 
   0.25092 
   0.25329 
   0.25567 
   0.25807 
   0.26047 
   0.26289 
   0.26532 
   0.26777 
   0.27022 
   0.27269 
   0.27518 
   0.27767 
   0.28018 
   0.28270 
   0.28523 
   0.28778 
   0.29034 
   0.29291 
   0.29550 
   0.29809 
   0.30071 
   0.30333 
   0.30597 
   0.30862 
   0.31129 
   0.31397 
   0.31666 
   0.31937 
   0.32209 
   0.32483 
   0.32757 
   0.33034 
   0.33311 
   0.33591 
   0.33871 
   0.34153 
   0.34437 
   0.34722 
   0.35008 
   0.35296 
   0.35586 
   0.35876 
   0.36169 
   0.36463 
   0.36758 
   0.37056 
   0.37354 
   0.37654 
   0.37956 
   0.38260 
   0.38565 
   0.38871 
   0.39179 
   0.39489 
   0.39801 
   0.40114 
   0.40429 
   0.40746 
   0.41064 
   0.41384 
   0.41706 
   0.42030 
   0.42356 
   0.42683 
   0.43012 
   0.43343 
   0.43676 
   0.44010 
   0.44347 
   0.44685 
   0.45026 
   0.45368 
   0.45712 
   0.46059 
   0.46407 
   0.46757 
   0.47110 
   0.47464 
   0.47821 
   0.48179 
   0.48540 
   0.48903 
   0.49269 
   0.49636 
   0.50006 
   0.50378 
   0.50752 
   0.51129 
   0.51508 
   0.51889 
   0.52273 
   0.52659 
   0.53048 
   0.53439 
   0.53833 
   0.54229 
   0.54628 
   0.55029 
   0.55434 
   0.55841 
   0.56250 
   0.56663 
   0.57078 
   0.57496 
   0.57917 
   0.58341 
   0.58769 
   0.59199 
   0.59632 
   0.60068 
   0.60507 
   0.60950 
   0.61396 
   0.61845 
   0.62297 
   0.62753 
   0.63212 
   0.63675 
   0.64142 
   0.64612 
   0.65085 
   0.65563 
   0.66044 
   0.66529 
   0.67018 
   0.67510 
   0.68007 
   0.68508 
   0.69013 
   0.69523 
   0.70037 
   0.70555 
   0.71077 
   0.71604 
   0.72136 
   0.72672 
   0.73213 
   0.73759 
   0.74310 
   0.74866 
   0.75427 
   0.75993 
   0.76565 
   0.77142 
   0.77724 
   0.78312 
   0.78905 
   0.79505 
   0.80110 
   0.80722 
   0.81339 
   0.81963 
   0.82593 
   0.83229 
   0.83873 
   0.84523 
   0.85179 
   0.85843 
   0.86514 
   0.87193 
   0.87878 
   0.88572 
   0.89273 
   0.89982 
   0.90699 
   0.91424 
   0.92158 
   0.92900 
   0.93651 
   0.94411 
   0.95181 
   0.95959 
   0.96747 
   0.97545 
   0.98353 
   0.99171 
   1.00000 
