   0.03218 
   0.03270 
   0.03323 
   0.03375 
   0.03429 
   0.03482 
   0.03536 
   0.03590 
   0.03645 
   0.03700 
   0.03756 
   0.03812 
   0.03869 
   0.03925 
   0.03983 
   0.04040 
   0.04099 
   0.04157 
   0.04216 
   0.04275 
   0.04335 
   0.04395 
   0.04456 
   0.04517 
   0.04578 
   0.04640 
   0.04702 
   0.04765 
   0.04828 
   0.04891 
   0.04955 
   0.05019 
   0.05084 
   0.05149 
   0.05215 
   0.05281 
   0.05347 
   0.05414 
   0.05481 
   0.05549 
   0.05617 
   0.05685 
   0.05754 
   0.05823 
   0.05893 
   0.05963 
   0.06033 
   0.06104 
   0.06175 
   0.06247 
   0.06319 
   0.06392 
   0.06465 
   0.06538 
   0.06612 
   0.06686 
   0.06761 
   0.06836 
   0.06911 
   0.06987 
   0.07063 
   0.07140 
   0.07217 
   0.07294 
   0.07372 
   0.07451 
   0.07529 
   0.07608 
   0.07688 
   0.07768 
   0.07848 
   0.07929 
   0.08010 
   0.08092 
   0.08174 
   0.08256 
   0.08339 
   0.08423 
   0.08506 
   0.08590 
   0.08675 
   0.08760 
   0.08845 
   0.08931 
   0.09017 
   0.09104 
   0.09191 
   0.09278 
   0.09366 
   0.09454 
   0.09543 
   0.09632 
   0.09722 
   0.09812 
   0.09902 
   0.09993 
   0.10084 
   0.10175 
   0.10267 
   0.10360 
   0.10453 
   0.10546 
   0.10640 
   0.10734 
   0.10828 
   0.10923 
   0.11018 
   0.11114 
   0.11210 
   0.11307 
   0.11404 
   0.11501 
   0.11599 
   0.11697 
   0.11796 
   0.11895 
   0.11995 
   0.12095 
   0.12195 
   0.12296 
   0.12397 
   0.12498 
   0.12600 
   0.12703 
   0.12806 
   0.12909 
   0.13013 
   0.13117 
   0.13221 
   0.13326 
   0.13432 
   0.13537 
   0.13644 
   0.13750 
   0.13857 
   0.13965 
   0.14073 
   0.14181 
   0.14290 
   0.14399 
   0.14509 
   0.14619 
   0.14729 
   0.14840 
   0.14951 
   0.15063 
   0.15175 
   0.15288 
   0.15401 
   0.15514 
   0.15628 
   0.15742 
   0.15857 
   0.15972 
   0.16088 
   0.16204 
   0.16320 
   0.16437 
   0.16554 
   0.16672 
   0.16790 
   0.16908 
   0.17027 
   0.17147 
   0.17267 
   0.17387 
   0.17508 
   0.17629 
   0.17750 
   0.17872 
   0.17995 
   0.18118 
   0.18241 
   0.18365 
   0.18489 
   0.18613 
   0.18738 
   0.18864 
   0.18990 
   0.19116 
   0.19243 
   0.19370 
   0.19498 
   0.19626 
   0.19754 
   0.19883 
   0.20013 
   0.20143 
   0.20273 
   0.20404 
   0.20535 
   0.20667 
   0.20799 
   0.20931 
   0.21064 
   0.21198 
   0.21331 
   0.21466 
   0.21601 
   0.21736 
   0.21871 
   0.22008 
   0.22144 
   0.22281 
   0.22419 
   0.22556 
   0.22695 
   0.22834 
   0.22973 
   0.23113 
   0.23253 
   0.23394 
   0.23535 
   0.23676 
   0.23818 
   0.23961 
   0.24104 
   0.24247 
   0.24391 
   0.24535 
   0.24680 
   0.24826 
   0.24971 
   0.25118 
   0.25264 
   0.25411 
   0.25559 
   0.25707 
   0.25856 
   0.26005 
   0.26154 
   0.26304 
   0.26455 
   0.26606 
   0.26757 
   0.26909 
   0.27062 
   0.27215 
   0.27368 
   0.27522 
   0.27676 
   0.27831 
   0.27987 
   0.28142 
   0.28299 
   0.28456 
   0.28613 
   0.28771 
   0.28929 
   0.29088 
   0.29247 
   0.29407 
   0.29567 
   0.29728 
   0.29890 
   0.30052 
   0.30214 
   0.30377 
   0.30540 
   0.30704 
   0.30869 
   0.31034 
   0.31199 
   0.31365 
   0.31532 
   0.31699 
   0.31866 
   0.32034 
   0.32203 
   0.32372 
   0.32542 
   0.32712 
   0.32883 
   0.33055 
   0.33226 
   0.33399 
   0.33572 
   0.33745 
   0.33920 
   0.34094 
   0.34269 
   0.34445 
   0.34622 
   0.34798 
   0.34976 
   0.35154 
   0.35333 
   0.35512 
   0.35692 
   0.35872 
   0.36053 
   0.36234 
   0.36417 
   0.36599 
   0.36783 
   0.36966 
   0.37151 
   0.37336 
   0.37522 
   0.37708 
   0.37895 
   0.38082 
   0.38270 
   0.38459 
   0.38649 
   0.38839 
   0.39029 
   0.39220 
   0.39412 
   0.39605 
   0.39798 
   0.39992 
   0.40186 
   0.40381 
   0.40577 
   0.40774 
   0.40971 
   0.41169 
   0.41367 
   0.41566 
   0.41766 
   0.41966 
   0.42167 
   0.42369 
   0.42572 
   0.42775 
   0.42979 
   0.43183 
   0.43389 
   0.43595 
   0.43802 
   0.44009 
   0.44217 
   0.44426 
   0.44636 
   0.44846 
   0.45057 
   0.45269 
   0.45482 
   0.45695 
   0.45910 
   0.46125 
   0.46340 
   0.46557 
   0.46774 
   0.46992 
   0.47211 
   0.47431 
   0.47651 
   0.47872 
   0.48095 
   0.48318 
   0.48541 
   0.48766 
   0.48991 
   0.49218 
   0.49445 
   0.49673 
   0.49902 
   0.50131 
   0.50362 
   0.50593 
   0.50826 
   0.51059 
   0.51293 
   0.51528 
   0.51764 
   0.52001 
   0.52239 
   0.52478 
   0.52717 
   0.52958 
   0.53200 
   0.53442 
   0.53686 
   0.53930 
   0.54176 
   0.54423 
   0.54670 
   0.54919 
   0.55168 
   0.55419 
   0.55671 
   0.55923 
   0.56177 
   0.56432 
   0.56688 
   0.56945 
   0.57203 
   0.57462 
   0.57722 
   0.57984 
   0.58246 
   0.58510 
   0.58775 
   0.59041 
   0.59308 
   0.59576 
   0.59846 
   0.60117 
   0.60389 
   0.60662 
   0.60936 
   0.61212 
   0.61489 
   0.61767 
   0.62047 
   0.62327 
   0.62609 
   0.62893 
   0.63177 
   0.63464 
   0.63751 
   0.64040 
   0.64330 
   0.64621 
   0.64914 
   0.65209 
   0.65505 
   0.65802 
   0.66101 
   0.66401 
   0.66702 
   0.67006 
   0.67310 
   0.67617 
   0.67924 
   0.68234 
   0.68545 
   0.68857 
   0.69171 
   0.69487 
   0.69805 
   0.70124 
   0.70445 
   0.70767 
   0.71091 
   0.71417 
   0.71745 
   0.72075 
   0.72406 
   0.72739 
   0.73074 
   0.73411 
   0.73749 
   0.74090 
   0.74432 
   0.74777 
   0.75123 
   0.75471 
   0.75822 
   0.76174 
   0.76528 
   0.76885 
   0.77243 
   0.77604 
   0.77967 
   0.78331 
   0.78699 
   0.79068 
   0.79439 
   0.79813 
   0.80189 
   0.80568 
   0.80948 
   0.81332 
   0.81717 
   0.82105 
   0.82495 
   0.82888 
   0.83284 
   0.83682 
   0.84082 
   0.84485 
   0.84891 
   0.85299 
   0.85710 
   0.86124 
   0.86541 
   0.86960 
   0.87382 
   0.87807 
   0.88235 
   0.88666 
   0.89100 
   0.89537 
   0.89977 
   0.90420 
   0.90867 
   0.91316 
   0.91769 
   0.92225 
   0.92684 
   0.93146 
   0.93612 
   0.94082 
   0.94555 
   0.95031 
   0.95511 
   0.95995 
   0.96482 
   0.96973 
   0.97468 
   0.97966 
   0.98469 
   0.98975 
   0.99486 
   1.00000 
